frame,xmin,ymin,xmax,ymax,width,height,area,class_id
0001000.jpg,310,104,445,443,135,339,45765,1
0000999.jpg,194,96,354,478,160,382,61120,1
0000998.jpg,105,134,383,244,278,110,30580,1
0000997.jpg,157,89,493,194,336,105,35280,1
0000996.jpg,51,207,435,347,384,140,53760,1
0000995.jpg,183,156,536,283,353,127,44831,1
0000994.jpg,156,178,392,266,236,88,20768,2
0000993.jpg,207,119,449,213,242,94,22748,2
0000992.jpg,47,213,348,346,301,133,40033,2
0000991.jpg,135,126,410,265,275,139,38225,2
0000989.jpg,71,218,332,400,261,182,47502,3
0000988.jpg,444,95,549,324,105,229,24045,3
0000987.jpg,102,90,198,314,96,224,21504,3
0000986.jpg,269,173,391,452,122,279,34038,3
0000985.jpg,336,98,456,370,120,272,32640,3
0000984.jpg,141,93,266,409,125,316,39500,1
0000983.jpg,169,123,291,425,122,302,36844,1
0000982.jpg,442,90,565,430,123,340,41820,1
0000981.jpg,168,30,302,395,134,365,48910,1
0000980.jpg,219,101,361,476,142,375,53250,1
0000979.jpg,240,81,349,364,109,283,30847,2
0000979.jpg,134,161,235,351,101,190,19190,3
0000978.jpg,206,216,314,395,108,179,19332,3
0000978.jpg,319,120,431,413,112,293,32816,2
0000977.jpg,30,140,294,283,264,143,37752,2
0000976.jpg,86,238,400,364,314,126,39564,2
0000975.jpg,88,164,416,307,328,143,46904,2
0000974.jpg,225,119,398,387,173,268,46364,2
0000973.jpg,227,90,343,327,116,237,27492,2
0000972.jpg,212,107,361,431,149,324,48276,2
0000971.jpg,275,36,399,347,124,311,38564,2
0000970.jpg,314,63,451,378,137,315,43155,3
0000969.jpg,296,52,466,360,170,308,52360,3
0000968.jpg,118,164,248,411,130,247,32110,3
0000967.jpg,203,161,308,432,105,271,28455,3
0000966.jpg,276,19,393,272,117,253,29601,3
0000965.jpg,179,49,309,395,130,346,44980,1
0000964.jpg,223,51,333,394,110,343,37730,1
0000963.jpg,55,56,154,384,99,328,32472,1
0000962.jpg,207,75,298,374,91,299,27209,1
0000961.jpg,225,37,333,278,108,241,26028,3
0000961.jpg,3,178,59,307,56,129,7224,1
0000960.jpg,227,25,329,271,102,246,25092,3
0000960.jpg,4,183,53,303,49,120,5880,1
0000959.jpg,186,60,278,306,92,246,22632,3
0000958.jpg,187,203,314,439,127,236,29972,3
0000957.jpg,137,75,307,361,170,286,48620,3
0000956.jpg,170,69,291,390,121,321,38841,3
0000955.jpg,182,109,295,389,113,280,31640,3
0000954.jpg,157,118,303,476,146,358,52268,3
0000953.jpg,283,10,452,363,169,353,59657,2
0000952.jpg,176,19,380,397,204,378,77112,2
0000951.jpg,147,245,256,472,109,227,24743,1
0000950.jpg,101,70,237,472,136,402,54672,1
0000949.jpg,120,2,275,466,155,464,71920,1
0000948.jpg,235,2,387,451,152,449,68248,1
0000948.jpg,70,210,187,397,117,187,21879,3
0000948.jpg,3,305,45,439,42,134,5628,2
0000947.jpg,241,46,365,479,124,433,53692,1
0000947.jpg,114,249,214,432,100,183,18300,3
0000947.jpg,3,285,61,458,58,173,10034,2
0000946.jpg,18,192,123,368,105,176,18480,3
0000946.jpg,134,0,260,386,126,386,48636,1
0000945.jpg,129,146,256,464,127,318,40386,1
0000945.jpg,253,34,353,220,100,186,18600,3
0000945.jpg,121,53,222,226,101,173,17473,2
0000944.jpg,131,45,228,227,97,182,17654,2
0000944.jpg,256,39,353,226,97,187,18139,3
0000944.jpg,133,147,267,463,134,316,42344,1
0000943.jpg,5,168,103,472,98,304,29792,1
0000943.jpg,2,1,61,171,59,170,10030,2
0000943.jpg,70,0,175,163,105,163,17115,3
0000942.jpg,168,163,269,420,101,257,25957,1
0000942.jpg,183,4,255,188,72,184,13248,2
0000942.jpg,274,13,353,168,79,155,12245,3
0000941.jpg,92,118,201,357,109,239,26051,2
0000941.jpg,241,127,338,337,97,210,20370,3
0000941.jpg,57,400,181,478,124,78,9672,1
0000940.jpg,2,154,143,396,141,242,34122,2
0000940.jpg,151,170,290,369,139,199,27661,3
0000940.jpg,33,435,98,478,65,43,2795,1
0000939.jpg,146,201,288,476,142,275,39050,1
0000939.jpg,189,106,303,325,114,219,24966,2
0000939.jpg,334,83,458,270,124,187,23188,3
0000938.jpg,5,204,159,475,154,271,41734,1
0000938.jpg,35,99,166,320,131,221,28951,2
0000938.jpg,193,66,322,259,129,193,24897,3
0000937.jpg,181,134,328,479,147,345,50715,1
0000937.jpg,224,24,340,253,116,229,26564,2
0000937.jpg,392,17,510,238,118,221,26078,3
0000936.jpg,88,114,208,327,120,213,25560,2
0000936.jpg,265,101,384,298,119,197,23443,3
0000936.jpg,447,71,534,344,87,273,23751,1
0000935.jpg,134,133,233,332,99,199,19701,2
0000935.jpg,255,112,375,283,120,171,20520,3
0000935.jpg,452,88,534,335,82,247,20254,1
0000934.jpg,254,91,361,332,107,241,25787,2
0000934.jpg,403,79,532,285,129,206,26574,3
0000933.jpg,54,98,204,417,150,319,47850,2
0000933.jpg,287,95,407,355,120,260,31200,3
0000933.jpg,537,90,638,453,101,363,36663,1
0000932.jpg,33,118,167,434,134,316,42344,2
0000932.jpg,251,125,387,389,136,264,35904,3
0000932.jpg,514,100,637,464,123,364,44772,1
0000931.jpg,244,146,314,363,70,217,15190,1
0000931.jpg,71,171,171,335,100,164,16400,3
0000931.jpg,0,177,38,371,38,194,7372,2
0000930.jpg,239,41,308,258,69,217,14973,1
0000930.jpg,70,64,171,228,101,164,16564,3
0000930.jpg,1,67,44,256,43,189,8127,2
0000929.jpg,174,155,273,304,99,149,14751,3
0000929.jpg,275,109,360,276,85,167,14195,2
0000929.jpg,425,82,504,283,79,201,15879,1
0000928.jpg,124,150,213,294,89,144,12816,3
0000928.jpg,236,104,299,251,63,147,9261,2
0000928.jpg,352,68,440,264,88,196,17248,1
0000927.jpg,92,172,185,308,93,136,12648,3
0000927.jpg,201,121,284,271,83,150,12450,2
0000927.jpg,314,92,403,278,89,186,16554,1
0000926.jpg,166,179,268,347,102,168,17136,3
0000926.jpg,320,147,387,323,67,176,11792,2
0000926.jpg,449,129,525,352,76,223,16948,1
0000925.jpg,197,190,312,421,115,231,26565,3
0000925.jpg,351,145,435,352,84,207,17388,2
0000925.jpg,492,135,577,410,85,275,23375,1
0000924.jpg,277,175,362,382,85,207,17595,3
0000924.jpg,412,155,490,346,78,191,14898,2
0000924.jpg,526,70,617,339,91,269,24479,1
0000923.jpg,360,170,470,449,110,279,30690,3
0000923.jpg,545,155,638,412,93,257,23901,2
0000922.jpg,0,164,68,376,68,212,14416,2
0000922.jpg,105,75,204,356,99,281,27819,1
0000921.jpg,200,225,285,408,85,183,15555,3
0000921.jpg,311,182,395,379,84,197,16548,2
0000921.jpg,434,95,519,370,85,275,23375,1
0000920.jpg,327,179,406,372,79,193,15247,3
0000920.jpg,441,148,532,358,91,210,19110,2
0000920.jpg,576,68,639,357,63,289,18207,1
0000919.jpg,175,210,267,410,92,200,18400,3
0000919.jpg,290,161,377,367,87,206,17922,2
0000919.jpg,409,60,502,346,93,286,26598,1
0000918.jpg,46,279,131,478,85,199,16915,3
0000918.jpg,164,233,244,442,80,209,16720,2
0000918.jpg,282,147,365,422,83,275,22825,1
0000917.jpg,0,165,63,473,63,308,19404,3
0000917.jpg,121,115,271,438,150,323,48450,2
0000917.jpg,288,3,480,428,192,425,81600,1
0000916.jpg,99,329,240,477,141,148,20868,3
0000916.jpg,283,275,430,473,147,198,29106,2
0000916.jpg,462,148,639,480,177,332,58764,1
0000915.jpg,52,214,189,478,137,264,36168,3
0000915.jpg,231,159,373,478,142,319,45298,2
0000915.jpg,407,21,595,475,188,454,85352,1
0000914.jpg,3,187,66,479,63,292,18396,3
0000914.jpg,112,123,251,475,139,352,48928,2
0000914.jpg,309,2,479,451,170,449,76330,1
0000913.jpg,421,126,576,477,155,351,54405,3
0000912.jpg,253,143,405,472,152,329,50008,3
0000912.jpg,420,92,596,442,176,350,61600,2
0000911.jpg,235,102,384,438,149,336,50064,3
0000911.jpg,402,47,574,399,172,352,60544,2
0000911.jpg,581,58,639,380,58,322,18676,1
0000910.jpg,197,130,310,391,113,261,29493,3
0000910.jpg,341,70,450,350,109,280,30520,2
0000910.jpg,484,3,635,325,151,322,48622,1
0000909.jpg,321,181,432,452,111,271,30081,3
0000909.jpg,468,121,590,411,122,290,35380,2
0000908.jpg,3,55,165,417,162,362,58644,3
0000908.jpg,202,6,369,422,167,416,69472,2
0000908.jpg,456,4,636,447,180,443,79740,1
0000907.jpg,45,36,244,413,199,377,75023,3
0000907.jpg,286,2,473,427,187,425,79475,2
0000907.jpg,561,2,639,444,78,442,34476,1
0000906.jpg,398,57,587,479,189,422,79758,3
0000905.jpg,271,83,427,418,156,335,52260,3
0000905.jpg,484,35,638,438,154,403,62062,2
0000904.jpg,220,49,389,389,169,340,57460,3
0000904.jpg,431,3,596,395,165,392,64680,2
0000903.jpg,136,91,290,399,154,308,47432,3
0000903.jpg,315,45,483,405,168,360,60480,2
0000903.jpg,551,1,636,440,85,439,37315,1
0000902.jpg,125,159,236,395,111,236,26196,3
0000902.jpg,268,141,383,413,115,272,31280,2
0000902.jpg,434,41,584,450,150,409,61350,1
0000901.jpg,68,170,188,410,120,240,28800,3
0000901.jpg,212,149,336,424,124,275,34100,2
0000901.jpg,386,45,525,456,139,411,57129,1
0000900.jpg,37,148,186,419,149,271,40379,3
0000900.jpg,192,111,350,419,158,308,48664,2
0000900.jpg,397,0,548,449,151,449,67799,1
0000899.jpg,152,130,255,340,103,210,21630,3
0000899.jpg,272,102,384,344,112,242,27104,2
0000899.jpg,433,4,538,364,105,360,37800,1
0000898.jpg,240,110,304,266,64,156,9984,3
0000898.jpg,339,91,403,266,64,175,11200,2
0000898.jpg,435,27,528,273,93,246,22878,1
0000897.jpg,101,184,180,343,79,159,12561,3
0000897.jpg,197,154,275,326,78,172,13416,2
0000897.jpg,306,77,390,317,84,240,20160,1
0000896.jpg,270,198,347,366,77,168,12936,3
0000896.jpg,374,157,449,346,75,189,14175,2
0000896.jpg,482,72,567,330,85,258,21930,1
0000895.jpg,204,189,286,369,82,180,14760,3
0000895.jpg,314,152,393,346,79,194,15326,2
0000895.jpg,426,61,518,330,92,269,24748,1
0000894.jpg,201,156,304,338,103,182,18746,2
0000894.jpg,297,141,379,300,82,159,13038,3
0000894.jpg,387,30,480,273,93,243,22599,1
0000893.jpg,115,191,216,425,101,234,23634,2
0000893.jpg,191,159,269,354,78,195,15210,3
0000893.jpg,279,24,367,310,88,286,25168,1
0000892.jpg,281,212,397,475,116,263,30508,2
0000892.jpg,381,171,473,403,92,232,21344,3
0000892.jpg,483,11,617,352,134,341,45694,1
0000891.jpg,316,395,411,480,95,85,8075,2
0000891.jpg,385,360,458,480,73,120,8760,3
0000891.jpg,458,244,556,478,98,234,22932,1
0000890.jpg,85,305,151,439,66,134,8844,2
0000890.jpg,150,296,209,413,59,117,6903,3
0000890.jpg,210,217,280,389,70,172,12040,1
0000889.jpg,164,229,257,430,93,201,18693,2
0000889.jpg,266,214,339,390,73,176,12848,3
0000889.jpg,368,106,455,372,87,266,23142,1
0000888.jpg,161,234,266,450,105,216,22680,2
0000888.jpg,272,211,353,399,81,188,15228,3
0000888.jpg,383,91,470,375,87,284,24708,1
0000887.jpg,169,158,287,438,118,280,33040,1
0000887.jpg,289,199,389,395,100,196,19600,2
0000887.jpg,383,183,467,351,84,168,14112,3
0000886.jpg,251,68,394,415,143,347,49621,1
0000886.jpg,412,134,531,376,119,242,28798,2
0000886.jpg,553,120,638,343,85,223,18955,3
0000885.jpg,104,37,266,434,162,397,64314,1
0000885.jpg,286,118,414,400,128,282,36096,2
0000885.jpg,440,117,548,367,108,250,27000,3
0000884.jpg,59,109,162,355,103,246,25338,1
0000884.jpg,171,168,254,350,83,182,15106,2
0000884.jpg,273,177,349,340,76,163,12388,3
0000883.jpg,96,99,197,363,101,264,26664,1
0000883.jpg,212,174,298,367,86,193,16598,2
0000883.jpg,327,191,402,364,75,173,12975,3
0000882.jpg,238,31,340,298,102,267,27234,1
0000882.jpg,332,106,419,301,87,195,16965,2
0000882.jpg,453,127,530,308,77,181,13937,3
0000881.jpg,167,85,271,353,104,268,27872,1
0000881.jpg,262,158,351,354,89,196,17444,2
0000881.jpg,382,179,462,356,80,177,14160,3
0000880.jpg,132,89,253,381,121,292,35332,1
0000880.jpg,246,152,345,361,99,209,20691,2
0000880.jpg,374,158,457,337,83,179,14857,3
0000879.jpg,156,205,255,464,99,259,25641,1
0000879.jpg,255,259,331,442,76,183,13908,2
0000879.jpg,359,264,425,411,66,147,9702,3
0000878.jpg,303,65,402,385,99,320,31680,1
0000878.jpg,413,140,503,370,90,230,20700,2
0000878.jpg,530,151,618,328,88,177,15576,3
0000877.jpg,179,23,303,419,124,396,49104,1
0000877.jpg,297,103,398,369,101,266,26866,2
0000877.jpg,394,101,483,291,89,190,16910,3
0000876.jpg,176,63,299,466,123,403,49569,1
0000876.jpg,299,141,403,414,104,273,28392,2
0000876.jpg,401,142,498,336,97,194,18818,3
0000875.jpg,228,95,351,459,123,364,44772,1
0000875.jpg,361,167,464,419,103,252,25956,2
0000875.jpg,483,162,580,362,97,200,19400,3
0000874.jpg,149,69,300,430,151,361,54511,1
0000874.jpg,285,136,394,390,109,254,27686,2
0000874.jpg,417,127,505,322,88,195,17160,3
0000873.jpg,227,70,344,425,117,355,41535,1
0000873.jpg,347,140,445,388,98,248,24304,2
0000873.jpg,456,135,560,326,104,191,19864,3
0000872.jpg,278,181,374,433,96,252,24192,1
0000872.jpg,335,219,389,343,54,124,6696,2
0000872.jpg,375,206,439,338,64,132,8448,3
0000871.jpg,181,162,271,444,90,282,25380,1
0000871.jpg,259,199,305,358,46,159,7314,2
0000871.jpg,308,200,381,346,73,146,10658,3
0000870.jpg,357,183,444,436,87,253,22011,1
0000870.jpg,429,228,490,395,61,167,10187,2
0000870.jpg,514,231,581,367,67,136,9112,3
0000869.jpg,103,107,213,372,110,265,29150,1
0000869.jpg,190,156,277,339,87,183,15921,2
0000869.jpg,297,160,377,323,80,163,13040,3
0000868.jpg,144,116,270,424,126,308,38808,1
0000868.jpg,237,175,344,393,107,218,23326,2
0000868.jpg,371,185,465,375,94,190,17860,3
0000867.jpg,121,2,274,425,153,423,64719,1
0000867.jpg,280,58,416,402,136,344,46784,2
0000867.jpg,469,119,618,427,149,308,45892,3
0000866.jpg,83,121,209,418,126,297,37422,2
0000866.jpg,274,142,378,400,104,258,26832,3
0000865.jpg,128,88,254,386,126,298,37548,2
0000865.jpg,320,112,430,375,110,263,28930,3
0000864.jpg,202,79,345,394,143,315,45045,2
0000864.jpg,395,117,529,419,134,302,40468,3
0000863.jpg,236,100,387,416,151,316,47716,3
0000862.jpg,238,107,364,397,126,290,36540,3
0000861.jpg,185,149,289,369,104,220,22880,3
0000861.jpg,264,122,384,390,120,268,32160,2
0000861.jpg,358,17,500,420,142,403,57226,1
0000860.jpg,211,165,299,364,88,199,17512,3
0000860.jpg,282,148,391,382,109,234,25506,2
0000860.jpg,376,53,488,412,112,359,40208,1
0000859.jpg,153,205,202,304,49,99,4851,3
0000859.jpg,196,189,247,310,51,121,6171,2
0000859.jpg,242,143,300,315,58,172,9976,1
0000858.jpg,209,278,267,397,58,119,6902,3
0000858.jpg,254,261,319,400,65,139,9035,2
0000858.jpg,302,207,377,406,75,199,14925,1
0000857.jpg,158,241,219,379,61,138,8418,3
0000857.jpg,210,225,279,382,69,157,10833,2
0000857.jpg,275,167,352,394,77,227,17479,1
0000856.jpg,205,257,278,419,73,162,11826,3
0000856.jpg,264,241,348,427,84,186,15624,2
0000856.jpg,339,173,431,441,92,268,24656,1
0000855.jpg,148,173,260,415,112,242,27104,3
0000855.jpg,250,150,369,435,119,285,33915,2
0000855.jpg,377,31,506,461,129,430,55470,1
0000854.jpg,70,196,177,437,107,241,25787,3
0000854.jpg,169,175,283,449,114,274,31236,2
0000854.jpg,292,66,412,471,120,405,48600,1
0000853.jpg,286,181,379,397,93,216,20088,3
0000853.jpg,383,155,486,407,103,252,25956,2
0000853.jpg,497,48,612,427,115,379,43585,1
0000852.jpg,184,181,279,412,95,231,21945,3
0000852.jpg,292,161,395,418,103,257,26471,2
0000852.jpg,404,61,534,436,130,375,48750,1
0000851.jpg,233,182,349,444,116,262,30392,3
0000851.jpg,340,144,467,431,127,287,36449,2
0000851.jpg,483,6,625,429,142,423,60066,1
0000850.jpg,246,118,341,355,95,237,22515,3
0000850.jpg,349,85,451,350,102,265,27030,2
0000850.jpg,475,6,601,356,126,350,44100,1
0000849.jpg,247,172,374,432,127,260,33020,3
0000849.jpg,336,131,462,411,126,280,35280,2
0000849.jpg,433,22,568,386,135,364,49140,1
0000848.jpg,57,142,159,369,102,227,23154,3
0000848.jpg,152,105,246,349,94,244,22936,2
0000848.jpg,233,14,342,330,109,316,34444,1
0000847.jpg,0,150,48,376,48,226,10848,3
0000847.jpg,25,123,134,369,109,246,26814,2
0000847.jpg,100,48,236,358,136,310,42160,1
0000846.jpg,154,188,243,398,89,210,18690,3
0000846.jpg,243,159,337,393,94,234,21996,2
0000846.jpg,350,64,458,381,108,317,34236,1
0000845.jpg,377,161,477,365,100,204,20400,3
0000845.jpg,466,137,569,360,103,223,22969,2
0000845.jpg,546,61,638,364,92,303,27876,1
0000844.jpg,186,206,269,369,83,163,13529,3
0000844.jpg,252,184,329,362,77,178,13706,2
0000844.jpg,327,115,420,360,93,245,22785,1
0000843.jpg,178,195,255,371,77,176,13552,3
0000843.jpg,258,171,337,367,79,196,15484,2
0000843.jpg,351,100,440,371,89,271,24119,1
0000842.jpg,264,187,354,419,90,232,20880,3
0000842.jpg,343,166,460,435,117,269,31473,2
0000842.jpg,460,54,597,475,137,421,57677,1
0000841.jpg,218,226,300,434,82,208,17056,3
0000841.jpg,289,213,387,451,98,238,23324,2
0000841.jpg,394,121,505,476,111,355,39405,1
0000840.jpg,158,161,233,340,75,179,13425,3
0000840.jpg,217,141,313,350,96,209,20064,2
0000840.jpg,302,52,407,365,105,313,32865,1
0000839.jpg,417,196,472,341,55,145,7975,3
0000839.jpg,470,183,540,351,70,168,11760,2
0000839.jpg,550,124,626,370,76,246,18696,1
0000838.jpg,228,145,272,247,44,102,4488,3
0000838.jpg,266,132,318,247,52,115,5980,2
0000838.jpg,323,87,381,250,58,163,9454,1
0000837.jpg,298,223,347,339,49,116,5684,3
0000837.jpg,343,211,399,342,56,131,7336,2
0000837.jpg,411,162,471,351,60,189,11340,1
0000836.jpg,34,251,102,405,68,154,10472,3
0000836.jpg,93,232,169,408,76,176,13376,2
0000836.jpg,176,166,256,419,80,253,20240,1
0000835.jpg,116,165,199,352,83,187,15521,3
0000835.jpg,190,141,286,352,96,211,20256,2
0000835.jpg,298,52,396,363,98,311,30478,1
0000834.jpg,99,183,200,418,101,235,23735,3
0000834.jpg,205,148,309,418,104,270,28080,2
0000834.jpg,340,46,447,421,107,375,40125,1
0000833.jpg,165,199,251,414,86,215,18490,3
0000833.jpg,262,174,352,413,90,239,21510,2
0000833.jpg,382,76,483,424,101,348,35148,1
0000832.jpg,158,167,230,343,72,176,12672,3
0000832.jpg,236,146,312,344,76,198,15048,2
0000832.jpg,336,71,421,352,85,281,23885,1
0000831.jpg,189,222,229,318,40,96,3840,3
0000831.jpg,232,210,274,317,42,107,4494,2
0000831.jpg,284,168,328,315,44,147,6468,1
0000830.jpg,138,216,179,314,41,98,4018,3
0000830.jpg,177,204,223,312,46,108,4968,2
0000830.jpg,233,162,281,309,48,147,7056,1
0000829.jpg,199,234,242,332,43,98,4214,3
0000829.jpg,241,221,289,330,48,109,5232,2
0000829.jpg,296,180,344,328,48,148,7104,1
0000828.jpg,302,202,355,326,53,124,6572,3
0000828.jpg,351,185,413,321,62,136,8432,2
0000828.jpg,421,130,484,321,63,191,12033,1
0000827.jpg,182,312,244,471,62,159,9858,3
0000827.jpg,244,291,318,466,74,175,12950,2
0000827.jpg,330,220,409,472,79,252,19908,1
0000826.jpg,302,350,372,480,70,130,9100,3
0000826.jpg,375,335,452,480,77,145,11165,2
0000826.jpg,465,257,550,477,85,220,18700,1
0000825.jpg,43,1,167,232,124,231,28644,3
0000825.jpg,150,3,247,203,97,200,19400,2
0000825.jpg,241,4,341,174,100,170,17000,1
0000824.jpg,12,30,126,291,114,261,29754,3
0000824.jpg,111,3,219,264,108,261,28188,2
0000824.jpg,215,2,323,242,108,240,25920,1
0000823.jpg,52,231,178,480,126,249,31374,3
0000823.jpg,173,199,296,479,123,280,34440,2
0000823.jpg,292,89,434,472,142,383,54386,1
0000822.jpg,33,276,155,480,122,204,24888,3
0000822.jpg,157,235,277,479,120,244,29280,2
0000822.jpg,290,107,414,478,124,371,46004,1
0000821.jpg,142,271,267,475,125,204,25500,3
0000821.jpg,261,240,384,478,123,238,29274,2
0000821.jpg,387,120,517,476,130,356,46280,1
0000820.jpg,89,109,217,419,128,310,39680,3
0000820.jpg,224,82,350,397,126,315,39690,2
0000820.jpg,363,0,502,377,139,377,52403,1
0000819.jpg,28,43,168,326,140,283,39620,3
0000819.jpg,156,7,286,299,130,292,37960,2
0000819.jpg,287,2,405,265,118,263,31034,1
0000818.jpg,4,107,119,383,115,276,31740,3
0000818.jpg,126,83,278,392,152,309,46968,2
0000818.jpg,281,0,452,401,171,401,68571,1
0000817.jpg,131,119,259,424,128,305,39040,3
0000817.jpg,295,82,431,435,136,353,48008,2
0000817.jpg,468,4,636,439,168,435,73080,1
0000816.jpg,512,28,636,361,124,333,41292,3
0000815.jpg,354,127,469,407,115,280,32200,3
0000815.jpg,502,84,632,406,130,322,41860,2
0000814.jpg,343,91,455,378,112,287,32144,3
0000814.jpg,493,50,624,379,131,329,43099,2
0000813.jpg,368,96,475,366,107,270,28890,3
0000813.jpg,514,53,633,367,119,314,37366,2
0000812.jpg,393,141,487,371,94,230,21620,3
0000812.jpg,519,106,623,378,104,272,28288,2
0000811.jpg,246,164,328,367,82,203,16646,3
0000811.jpg,354,134,444,371,90,237,21330,2
0000811.jpg,469,27,577,372,108,345,37260,1
0000810.jpg,48,134,132,335,84,201,16884,3
0000810.jpg,160,110,245,338,85,228,19380,2
0000810.jpg,268,5,375,344,107,339,36273,1
0000809.jpg,225,146,306,343,81,197,15957,3
0000809.jpg,329,117,413,344,84,227,19068,2
0000809.jpg,444,20,543,343,99,323,31977,1
0000808.jpg,102,148,187,353,85,205,17425,3
0000808.jpg,206,125,297,347,91,222,20202,2
0000808.jpg,323,31,424,337,101,306,30906,1
0000807.jpg,178,165,248,335,70,170,11900,3
0000807.jpg,265,145,340,333,75,188,14100,2
0000807.jpg,360,67,451,327,91,260,23660,1
0000806.jpg,304,242,362,374,58,132,7656,3
0000806.jpg,370,219,430,369,60,150,9000,2
0000806.jpg,449,163,514,363,65,200,13000,1
0000805.jpg,258,229,323,374,65,145,9425,3
0000805.jpg,323,202,392,357,69,155,10695,2
0000805.jpg,405,129,470,346,65,217,14105,1
0000804.jpg,179,217,259,413,80,196,15680,3
0000804.jpg,260,185,342,389,82,204,16728,2
0000804.jpg,358,97,438,366,80,269,21520,1
0000803.jpg,110,190,203,400,93,210,19530,3
0000803.jpg,201,160,288,374,87,214,18618,2
0000803.jpg,299,63,390,346,91,283,25753,1
0000802.jpg,30,101,130,347,100,246,24600,3
0000802.jpg,130,86,238,324,108,238,25704,2
0000802.jpg,233,5,358,318,125,313,39125,1
0000801.jpg,100,175,203,405,103,230,23690,3
0000801.jpg,195,146,293,373,98,227,22246,2
0000801.jpg,296,59,402,366,106,307,32542,1
0000800.jpg,176,179,257,380,81,201,16281,3
0000800.jpg,271,150,351,355,80,205,16400,2
0000800.jpg,359,64,448,340,89,276,24564,1
0000799.jpg,156,196,235,401,79,205,16195,3
0000799.jpg,263,168,347,381,84,213,17892,2
0000799.jpg,356,82,453,372,97,290,28130,1
0000798.jpg,225,159,306,345,81,186,15066,3
0000798.jpg,326,126,408,329,82,203,16646,2
0000798.jpg,417,46,516,326,99,280,27720,1
0000797.jpg,134,156,226,374,92,218,20056,3
0000797.jpg,271,128,364,372,93,244,22692,2
0000797.jpg,368,25,483,384,115,359,41285,1
0000796.jpg,93,153,184,358,91,205,18655,3
0000796.jpg,223,118,316,355,93,237,22041,2
0000796.jpg,314,23,421,364,107,341,36487,1
0000795.jpg,203,153,278,330,75,177,13275,3
0000795.jpg,311,129,392,332,81,203,16443,2
0000795.jpg,384,35,480,337,96,302,28992,1
0000794.jpg,133,233,185,363,52,130,6760,3
0000794.jpg,203,215,266,357,63,142,8946,2
0000794.jpg,250,150,321,355,71,205,14555,1
0000793.jpg,146,169,204,288,58,119,6902,3
0000793.jpg,213,150,272,285,59,135,7965,2
0000793.jpg,258,94,321,284,63,190,11970,1
0000792.jpg,134,203,185,332,51,129,6579,3
0000792.jpg,212,181,272,335,60,154,9240,2
0000792.jpg,273,117,340,330,67,213,14271,1
0000791.jpg,257,201,309,336,52,135,7020,3
0000791.jpg,341,187,400,336,59,149,8791,2
0000791.jpg,397,127,468,340,71,213,15123,1
0000790.jpg,218,282,274,428,56,146,8176,3
0000790.jpg,298,257,360,416,62,159,9858,2
0000790.jpg,370,194,433,411,63,217,13671,1
0000789.jpg,174,316,235,470,61,154,9394,3
0000789.jpg,262,289,324,464,62,175,10850,2
0000789.jpg,340,224,405,457,65,233,15145,1
0000788.jpg,348,161,472,409,124,248,30752,3
0000788.jpg,488,145,629,414,141,269,37929,2
0000787.jpg,62,3,161,323,99,320,31680,1
0000787.jpg,183,126,262,323,79,197,15563,3
0000787.jpg,277,103,366,313,89,210,18690,2
0000786.jpg,178,73,265,373,87,300,26100,1
0000786.jpg,286,185,360,372,74,187,13838,3
0000786.jpg,376,164,457,365,81,201,16281,2
0000785.jpg,304,46,389,330,85,284,24140,1
0000785.jpg,407,153,484,328,77,175,13475,3
0000785.jpg,497,119,575,316,78,197,15366,2
0000784.jpg,177,75,262,351,85,276,23460,1
0000784.jpg,277,178,351,346,74,168,12432,3
0000784.jpg,362,148,437,332,75,184,13800,2
0000783.jpg,64,33,141,269,77,236,18172,1
0000783.jpg,150,121,215,261,65,140,9100,3
0000783.jpg,221,96,286,248,65,152,9880,2
0000782.jpg,33,77,109,309,76,232,17632,1
0000782.jpg,118,164,181,305,63,141,8883,3
0000782.jpg,192,142,255,295,63,153,9639,2
0000781.jpg,58,77,137,318,79,241,19039,1
0000781.jpg,147,164,208,314,61,150,9150,3
0000781.jpg,218,146,282,304,64,158,10112,2
0000780.jpg,30,337,68,469,38,132,5016,1
0000780.jpg,75,378,111,467,36,89,3204,3
0000780.jpg,117,365,154,458,37,93,3441,2
0000779.jpg,218,335,256,465,38,130,4940,1
0000779.jpg,263,378,300,462,37,84,3108,3
0000779.jpg,304,364,341,456,37,92,3404,2
0000778.jpg,306,336,345,467,39,131,5109,1
0000778.jpg,348,381,386,466,38,85,3230,3
0000778.jpg,389,370,429,457,40,87,3480,2
0000777.jpg,436,213,478,344,42,131,5502,1
0000777.jpg,482,258,521,339,39,81,3159,3
0000777.jpg,523,244,565,336,42,92,3864,2
0000776.jpg,234,227,275,353,41,126,5166,1
0000776.jpg,277,267,315,348,38,81,3078,3
0000776.jpg,315,257,354,342,39,85,3315,2
0000775.jpg,63,218,106,343,43,125,5375,1
0000775.jpg,111,259,148,339,37,80,2960,3
0000775.jpg,152,245,189,332,37,87,3219,2
0000774.jpg,61,16,103,143,42,127,5334,1
0000774.jpg,108,60,146,143,38,83,3154,3
0000774.jpg,150,53,187,140,37,87,3219,2
0000773.jpg,204,53,242,179,38,126,4788,1
0000773.jpg,248,99,280,180,32,81,2592,3
0000773.jpg,286,87,322,173,36,86,3096,2
0000772.jpg,401,36,439,164,38,128,4864,1
0000772.jpg,445,80,478,158,33,78,2574,3
0000772.jpg,484,64,520,152,36,88,3168,2
0000771.jpg,459,158,495,281,36,123,4428,1
0000771.jpg,503,200,536,280,33,80,2640,3
0000771.jpg,540,186,578,277,38,91,3458,2
0000770.jpg,474,210,514,339,40,129,5160,1
0000770.jpg,517,259,557,338,40,79,3160,3
0000770.jpg,557,246,598,333,41,87,3567,2
0000769.jpg,264,219,301,342,37,123,4551,1
0000769.jpg,306,263,341,340,35,77,2695,3
0000769.jpg,348,251,382,341,34,90,3060,2
0000768.jpg,174,146,216,286,42,140,5880,1
0000768.jpg,218,195,256,288,38,93,3534,3
0000768.jpg,264,189,303,282,39,93,3627,2
0000767.jpg,231,134,280,301,49,167,8183,1
0000767.jpg,287,195,331,300,44,105,4620,3
0000767.jpg,339,178,384,291,45,113,5085,2
0000766.jpg,197,129,260,343,63,214,13482,1
0000766.jpg,273,205,326,344,53,139,7367,3
0000766.jpg,339,192,398,341,59,149,8791,2
0000765.jpg,181,139,271,432,90,293,26370,1
0000765.jpg,280,245,361,435,81,190,15390,3
0000765.jpg,374,213,461,424,87,211,18357,2
0000764.jpg,160,81,253,396,93,315,29295,1
0000764.jpg,269,195,350,398,81,203,16443,3
0000764.jpg,370,167,458,392,88,225,19800,2
0000763.jpg,181,48,279,383,98,335,32830,1
0000763.jpg,299,174,380,391,81,217,17577,3
0000763.jpg,406,147,496,382,90,235,21150,2
0000762.jpg,84,65,207,441,123,376,46248,1
0000762.jpg,196,199,299,435,103,236,24308,3
0000762.jpg,335,143,454,421,119,278,33082,2
0000761.jpg,121,80,222,400,101,320,32320,1
0000761.jpg,210,196,295,405,85,209,17765,3
0000761.jpg,321,165,413,410,92,245,22540,2
0000760.jpg,244,97,328,372,84,275,23100,1
0000760.jpg,307,200,386,387,79,187,14773,3
0000760.jpg,400,179,490,400,90,221,19890,2
0000759.jpg,256,154,331,391,75,237,17775,1
0000759.jpg,323,236,392,393,69,157,10833,3
0000759.jpg,411,212,487,388,76,176,13376,2
0000758.jpg,249,133,311,349,62,216,13392,1
0000758.jpg,307,213,364,354,57,141,8037,3
0000758.jpg,388,195,455,351,67,156,10452,2
0000757.jpg,233,162,284,335,51,173,8823,1
0000757.jpg,281,225,330,337,49,112,5488,3
0000757.jpg,343,208,395,339,52,131,6812,2
0000756.jpg,213,212,254,348,41,136,5576,1
0000756.jpg,251,261,289,353,38,92,3496,3
0000756.jpg,304,249,344,350,40,101,4040,2
0000755.jpg,280,167,321,312,41,145,5945,1
0000755.jpg,321,218,354,310,33,92,3036,3
0000755.jpg,373,207,412,307,39,100,3900,2
0000754.jpg,233,170,271,295,38,125,4750,1
0000754.jpg,270,212,304,294,34,82,2788,3
0000754.jpg,319,200,352,286,33,86,2838,2
0000753.jpg,228,186,264,313,36,127,4572,1
0000753.jpg,264,229,300,308,36,79,2844,3
0000753.jpg,314,215,348,303,34,88,2992,2
0000752.jpg,199,189,239,329,40,140,5600,1
0000752.jpg,238,238,274,325,36,87,3132,3
0000752.jpg,292,223,331,318,39,95,3705,2
0000751.jpg,298,175,347,341,49,166,8134,1
0000751.jpg,348,231,390,341,42,110,4620,3
0000751.jpg,414,219,457,331,43,112,4816,2
0000750.jpg,252,204,316,436,64,232,14848,1
0000750.jpg,315,285,374,431,59,146,8614,3
0000750.jpg,406,265,468,420,62,155,9610,2
0000749.jpg,201,197,283,473,82,276,22632,1
0000749.jpg,282,300,350,475,68,175,11900,3
0000749.jpg,387,280,467,472,80,192,15360,2
0000748.jpg,232,222,297,376,65,154,10010,3
0000748.jpg,328,197,399,370,71,173,12283,2
0000748.jpg,413,129,484,381,71,252,17892,1
0000747.jpg,30,233,107,424,77,191,14707,3
0000747.jpg,151,210,231,414,80,204,16320,2
0000747.jpg,248,124,330,426,82,302,24764,1
0000746.jpg,4,177,88,383,84,206,17304,3
0000746.jpg,180,156,262,387,82,231,18942,2
0000746.jpg,319,72,421,400,102,328,33456,1
0000745.jpg,69,190,157,419,88,229,20152,2
0000745.jpg,211,100,309,425,98,325,31850,1
0000744.jpg,3,136,42,341,39,205,7995,3
0000744.jpg,128,126,218,352,90,226,20340,2
0000744.jpg,259,51,369,374,110,323,35530,1
0000743.jpg,4,349,100,478,96,129,12384,3
0000743.jpg,191,324,303,478,112,154,17248,2
0000743.jpg,375,211,495,478,120,267,32040,1
0000742.jpg,56,239,166,479,110,240,26400,3
0000742.jpg,266,231,387,480,121,249,30129,2
0000742.jpg,466,121,608,474,142,353,50126,1
0000741.jpg,358,143,438,355,80,212,16960,3
0000741.jpg,528,120,624,364,96,244,23424,2
0000740.jpg,49,200,134,412,85,212,18020,2
0000740.jpg,180,128,271,426,91,298,27118,1
0000739.jpg,71,165,165,375,94,210,19740,3
0000739.jpg,215,147,318,400,103,253,26059,2
0000739.jpg,372,45,484,434,112,389,43568,1
0000738.jpg,99,167,179,351,80,184,14720,3
0000738.jpg,224,150,316,364,92,214,19688,2
0000738.jpg,356,56,457,391,101,335,33835,1
0000737.jpg,190,262,237,367,47,105,4935,3
0000737.jpg,259,245,311,368,52,123,6396,2
0000737.jpg,326,195,389,375,63,180,11340,1
0000736.jpg,242,268,288,369,46,101,4646,3
0000736.jpg,310,248,366,373,56,125,7000,2
0000736.jpg,377,197,442,376,65,179,11635,1
0000735.jpg,134,183,192,303,58,120,6960,3
0000735.jpg,212,167,275,301,63,134,8442,2
0000735.jpg,290,104,362,310,72,206,14832,1
0000734.jpg,166,144,227,281,61,137,8357,3
0000734.jpg,265,129,332,288,67,159,10653,2
0000734.jpg,362,60,434,300,72,240,17280,1
0000733.jpg,157,218,220,358,63,140,8820,3
0000733.jpg,258,198,328,357,70,159,11130,2
0000733.jpg,354,129,438,368,84,239,20076,1
0000732.jpg,141,239,205,405,64,166,10624,3
0000732.jpg,274,220,346,405,72,185,13320,2
0000732.jpg,394,148,472,415,78,267,20826,1
0000731.jpg,66,258,163,474,97,216,20952,3
0000731.jpg,241,214,341,445,100,231,23100,2
0000731.jpg,378,111,475,424,97,313,30361,1
0000730.jpg,93,156,214,446,121,290,35090,2
0000730.jpg,252,35,364,430,112,395,44240,1
0000729.jpg,63,168,167,398,104,230,23920,3
0000729.jpg,247,127,347,362,100,235,23500,2
0000729.jpg,369,22,468,350,99,328,32472,1
0000728.jpg,193,223,274,414,81,191,15471,3
0000728.jpg,344,190,428,390,84,200,16800,2
0000728.jpg,449,102,535,387,86,285,24510,1
0000727.jpg,130,141,204,320,74,179,13246,3
0000727.jpg,269,123,346,308,77,185,14245,2
0000727.jpg,361,51,453,308,92,257,23644,1
0000726.jpg,300,231,359,370,59,139,8201,3
0000726.jpg,409,201,472,353,63,152,9576,2
0000726.jpg,492,138,558,352,66,214,14124,1
0000725.jpg,287,257,337,358,50,101,5050,3
0000725.jpg,374,234,424,346,50,112,5600,2
0000725.jpg,436,182,491,341,55,159,8745,1
0000724.jpg,189,234,227,317,38,83,3154,3
0000724.jpg,257,226,296,315,39,89,3471,2
0000724.jpg,309,192,349,318,40,126,5040,1
0000723.jpg,270,265,309,352,39,87,3393,3
0000723.jpg,341,252,381,347,40,95,3800,2
0000723.jpg,394,212,440,348,46,136,6256,1
0000722.jpg,211,277,255,386,44,109,4796,3
0000722.jpg,297,262,342,380,45,118,5310,2
0000722.jpg,366,216,419,389,53,173,9169,1
0000721.jpg,152,237,211,373,59,136,8024,3
0000721.jpg,256,215,329,363,73,148,10804,2
0000721.jpg,347,147,418,361,71,214,15194,1
0000720.jpg,52,148,234,263,182,115,20930,2
0000720.jpg,290,145,536,284,246,139,34194,1
0000720.jpg,311,111,461,179,150,68,10200,3
0000719.jpg,40,128,227,242,187,114,21318,2
0000719.jpg,284,122,525,264,241,142,34222,1
0000719.jpg,303,89,454,162,151,73,11023,3
0000718.jpg,70,221,253,341,183,120,21960,2
0000718.jpg,305,221,550,368,245,147,36015,1
0000718.jpg,326,187,479,257,153,70,10710,3
0000717.jpg,37,142,230,272,193,130,25090,2
0000717.jpg,282,142,526,297,244,155,37820,1
0000717.jpg,304,95,454,184,150,89,13350,3
0000716.jpg,36,137,237,246,201,109,21909,2
0000716.jpg,256,85,503,216,247,131,32357,1
0000716.jpg,262,29,406,104,144,75,10800,3
0000715.jpg,43,170,228,264,185,94,17390,2
0000715.jpg,246,119,477,232,231,113,26103,1
0000715.jpg,247,68,383,134,136,66,8976,3
0000714.jpg,68,237,222,307,154,70,10780,2
0000714.jpg,223,216,413,294,190,78,14820,1
0000714.jpg,219,190,330,220,111,30,3330,3
0000713.jpg,36,196,187,263,151,67,10117,2
0000713.jpg,188,164,374,244,186,80,14880,1
0000713.jpg,175,138,285,175,110,37,4070,3
0000712.jpg,132,296,274,350,142,54,7668,2
0000712.jpg,250,251,415,317,165,66,10890,1
0000712.jpg,226,218,330,259,104,41,4264,3
0000711.jpg,85,301,279,389,194,88,17072,2
0000711.jpg,254,229,483,327,229,98,22442,1
0000711.jpg,229,183,366,236,137,53,7261,3
0000710.jpg,146,217,343,298,197,81,15957,2
0000710.jpg,309,141,549,231,240,90,21600,1
0000710.jpg,280,91,420,147,140,56,7840,3
0000709.jpg,60,152,283,291,223,139,30997,2
0000709.jpg,275,160,578,271,303,111,33633,1
0000709.jpg,267,119,438,166,171,47,8037,3
0000708.jpg,215,232,463,358,248,126,31248,3
0000708.jpg,212,326,635,476,423,150,63450,1
0000708.jpg,3,312,222,480,219,168,36792,2
0000707.jpg,65,258,514,454,449,196,88004,1
0000707.jpg,74,176,326,276,252,100,25200,3
0000707.jpg,3,255,77,402,74,147,10878,2
0000706.jpg,85,131,293,231,208,100,20800,2
0000706.jpg,288,160,557,350,269,190,51110,1
0000706.jpg,311,99,478,208,167,109,18203,3
0000705.jpg,106,114,332,223,226,109,24634,2
0000705.jpg,331,143,627,344,296,201,59496,1
0000705.jpg,338,81,529,192,191,111,21201,3
0000704.jpg,112,229,322,367,210,138,28980,2
0000704.jpg,264,322,482,461,218,139,30302,3
0000704.jpg,312,214,591,377,279,163,45477,1
0000703.jpg,182,318,397,446,215,128,27520,3
0000703.jpg,231,212,501,360,270,148,39960,1
0000703.jpg,28,231,241,370,213,139,29607,2
0000702.jpg,192,153,418,288,226,135,30510,3
0000702.jpg,40,69,259,209,219,140,30660,2
0000702.jpg,254,56,534,201,280,145,40600,1
0000701.jpg,190,194,403,366,213,172,36636,3
0000701.jpg,72,96,288,204,216,108,23328,2
0000701.jpg,292,91,535,296,243,205,49815,1
0000700.jpg,217,273,398,385,181,112,20272,3
0000700.jpg,241,125,474,285,233,160,37280,1
0000700.jpg,79,156,254,306,175,150,26250,2
0000699.jpg,313,253,519,361,206,108,22248,3
0000699.jpg,248,112,525,203,277,91,25207,1
0000699.jpg,155,168,296,377,141,209,29469,2
0000698.jpg,185,195,303,380,118,185,21830,2
0000698.jpg,335,242,526,355,191,113,21583,3
0000698.jpg,255,137,512,221,257,84,21588,1
0000697.jpg,427,283,540,342,113,59,6667,3
0000697.jpg,407,262,522,315,115,53,6095,2
0000697.jpg,357,251,516,300,159,49,7791,1
0000696.jpg,452,300,561,357,109,57,6213,3
0000696.jpg,430,277,553,329,123,52,6396,2
0000696.jpg,382,266,535,313,153,47,7191,1
0000695.jpg,229,279,330,342,101,63,6363,3
0000695.jpg,206,255,318,318,112,63,7056,2
0000695.jpg,157,255,303,304,146,49,7154,1
0000694.jpg,271,291,402,381,131,90,11790,3
0000694.jpg,243,257,382,337,139,80,11120,2
0000694.jpg,187,255,360,313,173,58,10034,1
0000693.jpg,165,311,332,433,167,122,20374,3
0000693.jpg,133,268,322,376,189,108,20412,2
0000693.jpg,60,239,297,338,237,99,23463,1
0000692.jpg,151,328,368,442,217,114,24738,3
0000692.jpg,148,256,376,337,228,81,18468,2
0000692.jpg,93,180,388,275,295,95,28025,1
0000691.jpg,298,297,564,406,266,109,28994,3
0000691.jpg,305,201,580,307,275,106,29150,2
0000691.jpg,255,120,604,253,349,133,46417,1
0000690.jpg,35,297,145,479,110,182,20020,3
0000690.jpg,188,143,293,478,105,335,35175,1
0000690.jpg,320,288,440,477,120,189,22680,2
0000689.jpg,172,312,281,480,109,168,18312,3
0000689.jpg,311,152,430,478,119,326,38794,1
0000689.jpg,463,296,592,479,129,183,23607,2
0000688.jpg,181,291,267,476,86,185,15910,3
0000688.jpg,278,161,373,470,95,309,29355,1
0000688.jpg,405,275,503,479,98,204,19992,2
0000687.jpg,214,48,299,268,85,220,18700,3
0000687.jpg,261,0,348,218,87,218,18966,1
0000687.jpg,407,9,505,235,98,226,22148,2
0000686.jpg,248,2,336,181,88,179,15752,3
0000686.jpg,337,3,385,135,48,132,6336,1
0000686.jpg,442,2,539,142,97,140,13580,2
0000685.jpg,403,159,495,378,92,219,20148,3
0000685.jpg,445,17,532,322,87,305,26535,1
0000685.jpg,596,112,637,340,41,228,9348,2
0000684.jpg,196,232,307,476,111,244,27084,3
0000684.jpg,383,145,480,396,97,251,24347,2
0000684.jpg,202,56,309,241,107,185,19795,1
0000683.jpg,248,197,333,393,85,196,16660,3
0000683.jpg,252,68,333,197,81,129,10449,1
0000683.jpg,395,133,472,334,77,201,15477,2
0000682.jpg,283,250,339,378,56,128,7168,3
0000682.jpg,286,160,346,255,60,95,5700,1
0000682.jpg,382,214,434,350,52,136,7072,2
0000681.jpg,405,192,454,298,49,106,5194,3
0000681.jpg,415,119,465,195,50,76,3800,1
0000681.jpg,488,171,540,291,52,120,6240,2
0000680.jpg,182,196,227,293,45,97,4365,3
0000680.jpg,261,168,310,271,49,103,5047,2
0000680.jpg,191,135,241,273,50,138,6900,1
0000679.jpg,89,305,128,397,39,92,3588,3
0000679.jpg,134,248,177,388,43,140,6020,1
0000679.jpg,192,295,233,398,41,103,4223,2
0000678.jpg,17,354,55,445,38,91,3458,3
0000678.jpg,63,298,106,439,43,141,6063,1
0000678.jpg,119,344,157,448,38,104,3952,2
0000677.jpg,219,299,257,390,38,91,3458,3
0000677.jpg,261,245,309,392,48,147,7056,1
0000677.jpg,314,296,356,402,42,106,4452,2
0000676.jpg,194,238,231,329,37,91,3367,3
0000676.jpg,239,184,281,320,42,136,5712,1
0000676.jpg,292,233,331,336,39,103,4017,2
0000675.jpg,200,145,247,259,47,114,5358,3
0000675.jpg,257,71,311,244,54,173,9342,1
0000675.jpg,321,138,372,263,51,125,6375,2
0000674.jpg,177,224,223,338,46,114,5244,3
0000674.jpg,236,149,288,323,52,174,9048,1
0000674.jpg,301,214,351,347,50,133,6650,2
0000673.jpg,337,221,392,355,55,134,7370,3
0000673.jpg,399,130,457,333,58,203,11774,1
0000673.jpg,482,209,548,362,66,153,10098,2
0000672.jpg,256,219,321,369,65,150,9750,3
0000672.jpg,317,115,390,336,73,221,16133,1
0000672.jpg,420,195,486,366,66,171,11286,2
0000671.jpg,154,159,233,347,79,188,14852,3
0000671.jpg,246,27,332,307,86,280,24080,1
0000671.jpg,361,141,452,353,91,212,19292,2
0000670.jpg,48,85,127,341,79,256,20224,1
0000670.jpg,148,162,220,351,72,189,13608,2
0000670.jpg,256,194,326,365,70,171,11970,3
0000669.jpg,186,3,271,253,85,250,21250,1
0000669.jpg,295,67,378,271,83,204,16932,2
0000669.jpg,413,107,503,292,90,185,16650,3
0000668.jpg,152,165,255,455,103,290,29870,1
0000668.jpg,297,239,383,466,86,227,19522,2
0000668.jpg,425,269,522,466,97,197,19109,3
0000667.jpg,118,94,219,385,101,291,29391,1
0000667.jpg,254,169,347,383,93,214,19902,2
0000667.jpg,375,188,472,380,97,192,18624,3
0000666.jpg,152,114,263,430,111,316,35076,1
0000666.jpg,303,184,396,424,93,240,22320,2
0000666.jpg,429,203,533,415,104,212,22048,3
0000665.jpg,327,46,439,389,112,343,38416,1
0000665.jpg,498,135,604,380,106,245,25970,2
0000664.jpg,94,72,212,386,118,314,37052,1
0000664.jpg,257,147,349,370,92,223,20516,2
0000664.jpg,402,169,492,366,90,197,17730,3
0000663.jpg,113,122,224,419,111,297,32967,1
0000663.jpg,275,196,362,411,87,215,18705,2
0000663.jpg,413,219,501,413,88,194,17072,3
0000662.jpg,48,48,142,324,94,276,25944,1
0000662.jpg,187,133,273,330,86,197,16942,2
0000662.jpg,312,173,402,347,90,174,15660,3
0000661.jpg,157,103,251,348,94,245,23030,1
0000661.jpg,281,166,360,340,79,174,13746,2
0000661.jpg,398,179,467,341,69,162,11178,3
0000660.jpg,281,159,356,406,75,247,18525,1
0000660.jpg,393,222,468,399,75,177,13275,2
0000660.jpg,495,246,563,393,68,147,9996,3
0000659.jpg,237,108,376,478,139,370,51430,1
0000659.jpg,379,209,496,474,117,265,31005,2
0000659.jpg,475,222,591,439,116,217,25172,3
0000658.jpg,114,84,226,455,112,371,41552,1
0000658.jpg,235,172,334,399,99,227,22473,2
0000658.jpg,328,180,417,365,89,185,16465,3
0000657.jpg,197,40,305,408,108,368,39744,1
0000657.jpg,337,135,441,371,104,236,24544,2
0000657.jpg,456,153,554,350,98,197,19306,3
0000656.jpg,165,45,274,408,109,363,39567,1
0000656.jpg,309,133,407,371,98,238,23324,2
0000656.jpg,429,150,521,345,92,195,17940,3
0000655.jpg,325,3,408,291,83,288,23904,1
0000655.jpg,423,71,506,261,83,190,15770,2
0000655.jpg,518,84,587,242,69,158,10902,3
0000654.jpg,253,75,335,349,82,274,22468,1
0000654.jpg,353,139,424,327,71,188,13348,2
0000654.jpg,440,151,505,301,65,150,9750,3
0000653.jpg,394,132,445,305,51,173,8823,1
0000653.jpg,459,178,507,295,48,117,5616,2
0000653.jpg,521,185,567,287,46,102,4692,3
0000652.jpg,269,138,321,308,52,170,8840,1
0000652.jpg,332,182,382,294,50,112,5600,2
0000652.jpg,393,192,434,292,41,100,4100,3
0000651.jpg,369,184,411,322,42,138,5796,1
0000651.jpg,421,221,461,316,40,95,3800,2
0000651.jpg,478,230,515,312,37,82,3034,3
0000650.jpg,324,181,370,334,46,153,7038,1
0000650.jpg,386,221,432,326,46,105,4830,2
0000650.jpg,451,229,489,320,38,91,3458,3
0000649.jpg,220,123,280,320,60,197,11820,1
0000649.jpg,311,172,363,305,52,133,6916,2
0000649.jpg,392,185,439,300,47,115,5405,3
0000648.jpg,169,150,232,341,63,191,12033,1
0000648.jpg,260,200,316,339,56,139,7784,2
0000648.jpg,349,218,400,339,51,121,6171,3
0000647.jpg,167,136,245,394,78,258,20124,1
0000647.jpg,286,217,360,402,74,185,13690,2
0000647.jpg,403,249,477,414,74,165,12210,3
0000646.jpg,124,260,226,479,102,219,22338,1
0000646.jpg,271,327,367,477,96,150,14400,2
0000646.jpg,437,359,536,478,99,119,11781,3
0000645.jpg,374,127,466,455,92,328,30176,1
0000645.jpg,508,232,612,474,104,242,25168,2
0000644.jpg,374,92,467,413,93,321,29853,1
0000644.jpg,508,196,611,447,103,251,25853,2
0000643.jpg,136,57,232,378,96,321,30816,1
0000643.jpg,265,159,358,405,93,246,22878,2
0000643.jpg,410,202,510,433,100,231,23100,3
0000642.jpg,90,115,180,404,90,289,26010,1
0000642.jpg,199,216,290,436,91,220,20020,2
0000642.jpg,328,262,422,470,94,208,19552,3
0000641.jpg,177,130,273,383,96,253,24288,1
0000641.jpg,285,207,370,392,85,185,15725,2
0000641.jpg,407,227,487,403,80,176,14080,3
0000640.jpg,255,124,319,319,64,195,12480,1
0000640.jpg,335,186,389,331,54,145,7830,2
0000640.jpg,427,208,482,343,55,135,7425,3
0000639.jpg,325,69,381,259,56,190,10640,1
0000639.jpg,401,132,459,277,58,145,8410,2
0000639.jpg,487,163,548,297,61,134,8174,3
0000638.jpg,350,62,421,250,71,188,13348,1
0000638.jpg,431,116,491,254,60,138,8280,2
0000638.jpg,517,130,578,262,61,132,8052,3
0000637.jpg,167,165,210,305,43,140,6020,1
0000637.jpg,233,205,271,305,38,100,3800,2
0000637.jpg,297,221,335,306,38,85,3230,3
0000636.jpg,485,201,527,338,42,137,5754,1
0000636.jpg,547,245,587,344,40,99,3960,2
0000636.jpg,616,260,639,347,23,87,2001,3
0000635.jpg,243,307,284,442,41,135,5535,1
0000635.jpg,307,340,343,434,36,94,3384,2
0000635.jpg,365,352,401,431,36,79,2844,3
0000634.jpg,198,221,240,349,42,128,5376,1
0000634.jpg,260,256,296,347,36,91,3276,2
0000634.jpg,317,268,353,347,36,79,2844,3
0000633.jpg,252,107,291,235,39,128,4992,1
0000633.jpg,309,141,350,230,41,89,3649,2
0000633.jpg,371,150,404,227,33,77,2541,3
0000632.jpg,199,183,244,320,45,137,6165,1
0000632.jpg,265,220,304,319,39,99,3861,2
0000632.jpg,327,230,363,315,36,85,3060,3
0000631.jpg,105,127,158,295,53,168,8904,1
0000631.jpg,184,171,232,290,48,119,5712,2
0000631.jpg,265,186,306,287,41,101,4141,3
0000630.jpg,111,117,190,360,79,243,19197,1
0000630.jpg,226,190,296,369,70,179,12530,2
0000630.jpg,344,212,407,374,63,162,10206,3
0000629.jpg,238,68,338,412,100,344,34400,1
0000629.jpg,380,191,499,447,119,256,30464,2
0000629.jpg,548,239,640,477,92,238,21896,3
0000628.jpg,127,37,250,440,123,403,49569,1
0000628.jpg,296,174,414,474,118,300,35400,2
0000628.jpg,478,207,599,474,121,267,32307,3
0000627.jpg,79,22,212,425,133,403,53599,1
0000627.jpg,256,155,374,451,118,296,34928,2
0000627.jpg,444,185,558,454,114,269,30666,3
0000626.jpg,24,126,130,384,106,258,27348,2
0000626.jpg,192,159,285,383,93,224,20832,3
0000625.jpg,130,6,260,335,130,329,42770,1
0000625.jpg,279,82,397,355,118,273,32214,2
0000625.jpg,458,102,561,349,103,247,25441,3
0000624.jpg,123,7,247,362,124,355,44020,1
0000624.jpg,274,118,380,381,106,263,27878,2
0000624.jpg,449,140,542,377,93,237,22041,3
0000623.jpg,341,54,420,305,79,251,19829,1
0000623.jpg,453,133,526,321,73,188,13724,2
0000623.jpg,574,148,637,320,63,172,10836,3
0000622.jpg,363,175,411,335,48,160,7680,1
0000622.jpg,430,220,476,344,46,124,5704,2
0000622.jpg,505,236,547,340,42,104,4368,3
0000621.jpg,481,176,535,325,54,149,8046,1
0000621.jpg,547,217,592,324,45,107,4815,2
0000621.jpg,628,231,638,327,10,96,960,3
0000620.jpg,376,188,428,346,52,158,8216,1
0000620.jpg,442,234,489,349,47,115,5405,2
0000620.jpg,515,246,560,348,45,102,4590,3
0000619.jpg,383,46,435,215,52,169,8788,1
0000619.jpg,451,97,504,223,53,126,6678,2
0000619.jpg,534,107,583,223,49,116,5684,3
0000618.jpg,395,109,456,296,61,187,11407,1
0000618.jpg,472,163,528,302,56,139,7784,2
0000618.jpg,565,172,621,302,56,130,7280,3
0000617.jpg,304,94,384,331,80,237,18960,1
0000617.jpg,406,164,477,343,71,179,12709,2
0000617.jpg,522,178,586,340,64,162,10368,3
0000616.jpg,300,82,387,333,87,251,21837,1
0000616.jpg,408,155,487,341,79,186,14694,2
0000616.jpg,532,164,604,337,72,173,12456,3
0000615.jpg,110,58,229,373,119,315,37485,1
0000615.jpg,261,142,361,370,100,228,22800,2
0000615.jpg,402,149,486,345,84,196,16464,3
0000614.jpg,195,69,293,365,98,296,29008,1
0000614.jpg,331,147,421,364,90,217,19530,2
0000614.jpg,462,155,534,344,72,189,13608,3
0000613.jpg,180,100,273,393,93,293,27249,1
0000613.jpg,308,177,394,389,86,212,18232,2
0000613.jpg,432,183,506,362,74,179,13246,3
0000612.jpg,173,100,254,355,81,255,20655,1
0000612.jpg,291,164,362,349,71,185,13135,2
0000612.jpg,394,174,458,329,64,155,9920,3
0000611.jpg,161,79,225,299,64,220,14080,1
0000611.jpg,257,137,319,292,62,155,9610,1
0000611.jpg,339,145,392,274,53,129,6837,3
0000610.jpg,180,86,239,274,59,188,11092,1
0000610.jpg,264,130,317,262,53,132,6996,2
0000610.jpg,332,135,377,248,45,113,5085,3
0000609.jpg,142,227,191,376,49,149,7301,1
0000609.jpg,209,266,253,373,44,107,4708,2
0000609.jpg,261,273,297,358,36,85,3060,3
0000608.jpg,138,176,187,333,49,157,7693,1
0000608.jpg,206,221,254,331,48,110,5280,2
0000608.jpg,269,225,307,313,38,88,3344,3
0000607.jpg,250,125,298,267,48,142,6816,1
0000607.jpg,317,161,359,264,42,103,4326,2
0000607.jpg,378,167,418,254,40,87,3480,3
0000606.jpg,309,219,355,364,46,145,6670,1
0000606.jpg,373,258,418,366,45,108,4860,2
0000606.jpg,443,269,482,361,39,92,3588,3
0000605.jpg,172,248,235,419,63,171,10773,1
0000605.jpg,249,292,305,417,56,125,7000,2
0000605.jpg,328,291,379,405,51,114,5814,3
0000604.jpg,398,145,461,341,63,196,12348,1
0000604.jpg,488,202,546,351,58,149,8642,2
0000604.jpg,580,209,636,343,56,134,7504,3
0000603.jpg,270,244,335,453,65,209,13585,1
0000603.jpg,360,312,424,462,64,150,9600,2
0000603.jpg,457,328,512,466,55,138,7590,3
0000602.jpg,244,163,320,413,76,250,19000,1
0000602.jpg,355,225,427,406,72,181,13032,2
0000602.jpg,457,234,519,388,62,154,9548,3
0000601.jpg,380,164,466,410,86,246,21156,1
0000601.jpg,491,236,574,416,83,180,14940,2
0000601.jpg,594,254,640,405,46,151,6946,3
0000600.jpg,49,215,483,415,434,200,86800,2
0000600.jpg,517,269,637,430,120,161,19320,3
0000600.jpg,1,227,52,327,51,100,5100,1
0000599.jpg,4,150,174,298,170,148,25160,2
0000599.jpg,215,173,567,318,352,145,51040,3
0000598.jpg,46,230,294,324,248,94,23312,2
0000598.jpg,325,239,544,318,219,79,17301,3
0000598.jpg,2,251,42,319,40,68,2720,1
0000597.jpg,4,199,143,274,139,75,10425,1
0000597.jpg,149,194,310,260,161,66,10626,2
0000597.jpg,326,195,462,250,136,55,7480,3
0000596.jpg,205,188,435,260,230,72,16560,1
0000596.jpg,441,186,604,251,163,65,10595,2
0000595.jpg,312,177,517,244,205,67,13735,1
0000595.jpg,534,181,638,241,104,60,6240,2
0000594.jpg,40,183,252,252,212,69,14628,1
0000594.jpg,265,181,416,240,151,59,8909,2
0000594.jpg,431,188,566,241,135,53,7155,3
0000593.jpg,3,163,153,251,150,88,13200,1
0000593.jpg,172,161,361,238,189,77,14553,2
0000593.jpg,384,169,559,234,175,65,11375,3
0000592.jpg,2,223,115,335,113,112,12656,1
0000592.jpg,131,217,400,316,269,99,26631,2
0000592.jpg,403,226,638,322,235,96,22560,3
0000591.jpg,6,255,347,383,341,128,43648,1
0000591.jpg,373,259,638,365,265,106,28090,2
0000590.jpg,16,183,554,347,538,164,88232,1
0000590.jpg,557,195,638,343,81,148,11988,2
0000589.jpg,1,175,161,321,160,146,23360,2
0000589.jpg,175,177,508,309,333,132,43956,3
0000588.jpg,96,184,470,326,374,142,53108,2
0000588.jpg,476,191,638,328,162,137,22194,3
0000588.jpg,2,180,87,336,85,156,13260,1
0000587.jpg,3,213,54,311,51,98,4998,1
0000587.jpg,66,202,342,311,276,109,30084,2
0000587.jpg,349,211,594,312,245,101,24745,3
0000586.jpg,147,246,301,298,154,52,8008,1
0000586.jpg,306,247,407,287,101,40,4040,2
0000586.jpg,411,248,502,287,91,39,3549,3
0000585.jpg,94,299,296,360,202,61,12322,1
0000585.jpg,300,302,430,351,130,49,6370,2
0000585.jpg,431,303,545,352,114,49,5586,3
0000584.jpg,47,159,284,245,237,86,20382,1
0000584.jpg,286,151,447,214,161,63,10143,2
0000584.jpg,448,149,589,207,141,58,8178,3
0000583.jpg,95,214,338,285,243,71,17253,1
0000583.jpg,344,216,506,281,162,65,10530,2
0000583.jpg,509,220,638,281,129,61,7869,3
0000582.jpg,122,245,384,330,262,85,22270,1
0000582.jpg,391,259,572,333,181,74,13394,2
0000582.jpg,575,265,638,331,63,66,4158,3
0000581.jpg,269,243,515,320,246,77,18942,1
0000581.jpg,516,256,639,323,123,67,8241,2
0000580.jpg,77,118,265,177,188,59,11092,1
0000580.jpg,281,114,406,162,125,48,6000,2
0000580.jpg,411,116,521,159,110,43,4730,3
0000579.jpg,30,241,206,292,176,51,8976,1
0000579.jpg,221,240,342,288,121,48,5808,2
0000579.jpg,343,243,450,284,107,41,4387,3
0000578.jpg,65,363,287,429,222,66,14652,1
0000578.jpg,310,362,459,425,149,63,9387,2
0000578.jpg,467,368,608,427,141,59,8319,3
0000577.jpg,53,67,272,139,219,72,15768,1
0000577.jpg,297,57,446,122,149,65,9685,2
0000577.jpg,452,56,586,112,134,56,7504,3
0000576.jpg,36,78,263,150,227,72,16344,1
0000576.jpg,285,72,433,136,148,64,9472,2
0000576.jpg,442,72,578,130,136,58,7888,3
0000575.jpg,5,221,218,314,213,93,19809,1
0000575.jpg,242,211,406,284,164,73,11972,2
0000575.jpg,416,206,566,271,150,65,9750,3
0000574.jpg,55,165,349,253,294,88,25872,1
0000574.jpg,353,172,550,256,197,84,16548,2
0000574.jpg,552,187,638,257,86,70,6020,3
0000573.jpg,33,260,265,328,232,68,15776,1
0000573.jpg,262,268,405,330,143,62,8866,2
0000573.jpg,406,279,538,340,132,61,8052,3
0000572.jpg,5,409,193,473,188,64,12032,1
0000572.jpg,197,426,328,471,131,45,5895,2
0000572.jpg,332,431,455,477,123,46,5658,3
0000571.jpg,3,136,273,275,270,139,37530,1
0000571.jpg,276,157,562,276,286,119,34034,2
0000571.jpg,566,178,638,278,72,100,7200,3
0000570.jpg,55,294,491,469,436,175,76300,1
0000570.jpg,495,356,638,475,143,119,17017,2
0000569.jpg,1,147,60,287,59,140,8260,1
0000569.jpg,46,175,354,305,308,130,40040,2
0000569.jpg,366,194,636,322,270,128,34560,3
0000568.jpg,17,252,300,367,283,115,32545,2
0000568.jpg,309,263,556,369,247,106,26182,3
0000567.jpg,4,192,115,291,111,99,10989,1
0000567.jpg,116,192,360,286,244,94,22936,2
0000567.jpg,354,206,569,284,215,78,16770,3
0000566.jpg,13,220,279,303,266,83,22078,1
0000566.jpg,275,215,452,289,177,74,13098,2
0000566.jpg,454,224,615,289,161,65,10465,3
0000565.jpg,42,240,351,339,309,99,30591,1
0000565.jpg,354,264,561,343,207,79,16353,2
0000565.jpg,565,278,639,353,74,75,5550,3
0000564.jpg,3,227,265,314,262,87,22794,1
0000564.jpg,276,234,456,315,180,81,14580,2
0000564.jpg,453,245,622,316,169,71,11999,3
0000563.jpg,117,301,309,366,192,65,12480,1
0000563.jpg,310,303,445,360,135,57,7695,2
0000563.jpg,437,311,549,355,112,44,4928,3
0000562.jpg,157,174,339,234,182,60,10920,1
0000562.jpg,340,174,465,231,125,57,7125,2
0000562.jpg,466,189,573,231,107,42,4494,3
0000561.jpg,9,258,273,347,264,89,23496,1
0000561.jpg,289,258,460,339,171,81,13851,2
0000561.jpg,460,270,623,336,163,66,10758,3
0000560.jpg,164,198,416,291,252,93,23436,1
0000560.jpg,432,202,617,276,185,74,13690,2
0000559.jpg,35,269,290,364,255,95,24225,1
0000559.jpg,308,265,480,344,172,79,13588,2
0000559.jpg,542,266,639,328,97,62,6014,3
0000558.jpg,23,301,326,424,303,123,37269,1
0000558.jpg,416,193,501,397,85,204,17340,2
0000558.jpg,539,204,616,380,77,176,13552,3
0000557.jpg,170,309,472,416,302,107,32314,1
0000557.jpg,562,207,637,419,75,212,15900,2
0000556.jpg,247,288,562,396,315,108,34020,1
0000555.jpg,28,106,187,477,159,371,58989,1
0000555.jpg,314,203,406,450,92,247,22724,2
0000555.jpg,449,214,534,418,85,204,17340,3
0000554.jpg,71,32,231,451,160,419,67040,1
0000554.jpg,362,151,470,416,108,265,28620,2
0000554.jpg,504,172,600,386,96,214,20544,3
0000553.jpg,136,93,252,444,116,351,40716,1
0000553.jpg,366,205,477,435,111,230,25530,2
0000553.jpg,496,229,594,423,98,194,19012,3
0000551.jpg,114,86,213,330,99,244,24156,1
0000551.jpg,295,144,360,313,65,169,10985,2
0000551.jpg,390,156,451,301,61,145,8845,3
0000550.jpg,101,69,193,303,92,234,21528,1
0000550.jpg,277,137,343,295,66,158,10428,2
0000550.jpg,362,148,428,286,66,138,9108,3
0000549.jpg,216,231,276,377,60,146,8760,1
0000549.jpg,330,268,371,374,41,106,4346,2
0000549.jpg,384,276,425,368,41,92,3772,3
0000548.jpg,178,267,230,420,52,153,7956,1
0000548.jpg,287,308,330,418,43,110,4730,2
0000548.jpg,341,320,382,409,41,89,3649,3
0000547.jpg,309,222,366,364,57,142,8094,1
0000547.jpg,418,262,463,362,45,100,4500,2
0000547.jpg,472,269,513,359,41,90,3690,3
0000546.jpg,271,241,323,386,52,145,7540,1
0000546.jpg,376,289,421,387,45,98,4410,2
0000546.jpg,432,296,477,384,45,88,3960,3
0000545.jpg,198,80,255,227,57,147,8379,1
0000545.jpg,303,121,348,223,45,102,4590,2
0000545.jpg,358,132,399,221,41,89,3649,3
0000544.jpg,113,102,168,249,55,147,8085,1
0000544.jpg,216,145,260,248,44,103,4532,2
0000544.jpg,271,153,313,243,42,90,3780,3
0000543.jpg,70,203,129,360,59,157,9263,1
0000543.jpg,180,250,230,356,50,106,5300,2
0000543.jpg,242,258,288,352,46,94,4324,3
0000542.jpg,133,124,226,388,93,264,24552,1
0000542.jpg,317,205,398,385,81,180,14580,2
0000542.jpg,412,224,495,380,83,156,12948,3
0000541.jpg,454,112,535,392,81,280,22680,1
0000540.jpg,103,67,257,389,154,322,49588,1
0000540.jpg,314,157,447,433,133,276,36708,2
0000540.jpg,451,191,578,462,127,271,34417,3
0000539.jpg,145,32,303,346,158,314,49612,1
0000539.jpg,360,104,502,363,142,259,36778,2
0000539.jpg,497,123,629,383,132,260,34320,3
0000538.jpg,122,115,253,384,131,269,35239,1
0000538.jpg,317,176,429,392,112,216,24192,2
0000538.jpg,436,189,538,400,102,211,21522,3
0000537.jpg,167,96,291,367,124,271,33604,1
0000537.jpg,378,167,473,376,95,209,19855,2
0000537.jpg,495,187,585,386,90,199,17910,3
0000536.jpg,256,100,341,327,85,227,19295,1
0000536.jpg,422,179,494,350,72,171,12312,2
0000536.jpg,515,205,586,366,71,161,11431,3
0000535.jpg,252,114,321,268,69,154,10626,1
0000535.jpg,373,158,425,273,52,115,5980,2
0000535.jpg,439,169,486,275,47,106,4982,3
0000534.jpg,286,150,345,307,59,157,9263,1
0000534.jpg,406,199,450,316,44,117,5148,2
0000534.jpg,469,213,510,318,41,105,4305,3
0000533.jpg,145,103,221,274,76,171,12996,1
0000533.jpg,267,147,330,277,63,130,8190,2
0000533.jpg,341,156,397,279,56,123,6888,3
0000532.jpg,187,226,254,413,67,187,12529,1
0000532.jpg,313,288,366,424,53,136,7208,2
0000532.jpg,383,306,436,434,53,128,6784,3
0000531.jpg,117,169,206,396,89,227,20203,1
0000531.jpg,284,240,351,407,67,167,11189,2
0000531.jpg,374,258,438,415,64,157,10048,3
0000530.jpg,138,130,230,360,92,230,21160,1
0000530.jpg,303,193,378,367,75,174,13050,2
0000530.jpg,398,212,463,374,65,162,10530,3
0000529.jpg,165,13,317,408,152,395,60040,1
0000529.jpg,474,131,597,426,123,295,36285,2
0000528.jpg,333,38,489,467,156,429,66924,1
0000527.jpg,90,62,213,384,123,322,39606,1
0000527.jpg,343,166,436,396,93,230,21390,2
0000527.jpg,465,196,556,403,91,207,18837,3
0000526.jpg,166,4,334,363,168,359,60312,1
0000526.jpg,494,81,618,388,124,307,38068,2
0000525.jpg,145,27,298,425,153,398,60894,2
0000525.jpg,368,73,506,429,138,356,49128,3
0000524.jpg,114,50,263,430,149,380,56620,2
0000524.jpg,328,97,466,428,138,331,45678,3
0000523.jpg,88,134,191,387,103,253,26059,2
0000523.jpg,230,170,320,388,90,218,19620,3
0000522.jpg,100,36,208,384,108,348,37584,1
0000522.jpg,355,147,451,401,96,254,24384,2
0000522.jpg,494,187,585,409,91,222,20202,3
0000521.jpg,121,75,224,407,103,332,34196,1
0000521.jpg,355,178,451,412,96,234,22464,2
0000521.jpg,486,209,579,415,93,206,19158,3
0000520.jpg,88,78,180,398,92,320,29440,1
0000520.jpg,307,189,396,415,89,226,20114,2
0000520.jpg,429,224,511,421,82,197,16154,3
0000519.jpg,7,4,116,372,109,368,40112,1
0000519.jpg,240,124,351,416,111,292,32412,2
0000519.jpg,386,164,504,443,118,279,32922,3
0000518.jpg,112,11,211,334,99,323,31977,1
0000518.jpg,312,116,417,373,105,257,26985,2
0000518.jpg,450,146,551,394,101,248,25048,3
0000517.jpg,162,47,246,309,84,262,22008,1
0000517.jpg,327,137,411,339,84,202,16968,2
0000517.jpg,431,164,514,354,83,190,15770,3
0000516.jpg,104,45,179,291,75,246,18450,1
0000516.jpg,267,120,341,305,74,185,13690,2
0000516.jpg,369,140,441,313,72,173,12456,3
0000515.jpg,124,82,197,323,73,241,17593,1
0000515.jpg,291,163,364,337,73,174,12702,2
0000515.jpg,391,183,456,345,65,162,10530,3
0000514.jpg,95,86,176,350,81,264,21384,1
0000514.jpg,280,181,357,363,77,182,14014,2
0000514.jpg,382,212,454,374,72,162,11664,3
0000513.jpg,98,62,228,469,130,407,52910,1
0000513.jpg,347,178,448,436,101,258,26058,2
0000513.jpg,465,206,556,422,91,216,19656,3
0000512.jpg,116,22,244,408,128,386,49408,1
0000512.jpg,340,130,431,374,91,244,22204,2
0000512.jpg,441,160,521,358,80,198,15840,3
0000511.jpg,175,53,292,394,117,341,39897,1
0000511.jpg,373,144,456,356,83,212,17596,2
0000511.jpg,463,165,536,344,73,179,13067,3
0000510.jpg,268,189,353,452,85,263,22355,1
0000510.jpg,421,262,490,437,69,175,12075,2
0000510.jpg,500,276,558,425,58,149,8642,3
0000509.jpg,319,125,383,302,64,177,11328,1
0000509.jpg,421,177,471,293,50,116,5800,2
0000509.jpg,471,191,518,288,47,97,4559,3
0000508.jpg,309,116,367,277,58,161,9338,1
0000508.jpg,405,162,454,272,49,110,5390,2
0000508.jpg,458,176,500,268,42,92,3864,3
0000507.jpg,255,216,315,373,60,157,9420,1
0000507.jpg,363,258,412,370,49,112,5488,2
0000507.jpg,420,270,462,370,42,100,4200,3
0000506.jpg,268,176,323,333,55,157,8635,1
0000506.jpg,382,224,427,337,45,113,5085,2
0000506.jpg,441,240,483,339,42,99,4158,3
0000505.jpg,248,199,294,352,46,153,7038,1
0000505.jpg,355,247,397,355,42,108,4536,2
0000505.jpg,411,261,452,361,41,100,4100,3
0000504.jpg,221,166,269,319,48,153,7344,1
0000504.jpg,329,214,371,325,42,111,4662,2
0000504.jpg,387,226,427,323,40,97,3880,3
0000503.jpg,226,192,284,372,58,180,10440,1
0000503.jpg,350,253,402,377,52,124,6448,2
0000503.jpg,422,269,471,380,49,111,5439,3
0000502.jpg,219,183,296,401,77,218,16786,1
0000502.jpg,375,252,444,404,69,152,10488,2
0000502.jpg,463,268,524,406,61,138,8418,3
0000501.jpg,464,3,556,240,92,237,21804,1
0000500.jpg,415,141,455,232,40,91,3640,2
0000500.jpg,468,145,505,226,37,81,2997,3
0000500.jpg,499,96,542,220,43,124,5332,1
0000499.jpg,138,176,176,270,38,94,3572,2
0000499.jpg,193,181,228,265,35,84,2940,3
0000499.jpg,225,133,265,263,40,130,5200,1
0000498.jpg,378,289,430,402,52,113,5876,2
0000498.jpg,441,300,488,405,47,105,4935,3
0000498.jpg,485,240,536,398,51,158,8058,1
0000497.jpg,301,247,352,383,51,136,6936,2
0000497.jpg,374,258,421,378,47,120,5640,3
0000497.jpg,419,183,478,367,59,184,10856,1
0000496.jpg,279,261,377,478,98,217,21266,2
0000496.jpg,401,266,487,464,86,198,17028,3
0000496.jpg,477,141,570,434,93,293,27249,1
0000495.jpg,350,314,403,404,53,90,4770,3
0000495.jpg,387,232,445,415,58,183,10614,1
0000495.jpg,473,147,528,280,55,133,7315,2
0000494.jpg,242,269,307,415,65,146,9490,3
0000494.jpg,296,181,375,400,79,219,17301,1
0000494.jpg,418,96,493,250,75,154,11550,2
0000493.jpg,226,254,297,416,71,162,11502,3
0000493.jpg,291,159,373,401,82,242,19844,1
0000493.jpg,428,57,506,227,78,170,13260,2
0000492.jpg,178,207,248,423,70,216,15120,1
0000492.jpg,304,107,366,265,62,158,9796,2
0000492.jpg,424,130,487,261,63,131,8253,3
0000491.jpg,310,221,390,450,80,229,18320,1
0000491.jpg,445,122,523,289,78,167,13026,2
0000491.jpg,578,150,638,291,60,141,8460,3
0000490.jpg,156,201,196,329,40,128,5120,1
0000490.jpg,230,148,266,238,36,90,3240,2
0000490.jpg,299,158,333,239,34,81,2754,3
0000489.jpg,226,213,267,339,41,126,5166,1
0000489.jpg,304,164,339,253,35,89,3115,2
0000489.jpg,368,176,406,258,38,82,3116,3
0000488.jpg,361,125,406,265,45,140,6300,1
0000488.jpg,447,61,489,165,42,104,4368,2
0000488.jpg,522,72,566,167,44,95,4180,3
0000487.jpg,365,156,410,298,45,142,6390,1
0000487.jpg,450,96,490,196,40,100,4000,2
0000487.jpg,525,107,569,201,44,94,4136,3
0000486.jpg,283,178,345,389,62,211,13082,1
0000486.jpg,410,88,471,242,61,154,9394,2
0000486.jpg,524,111,587,250,63,139,8757,3
0000485.jpg,234,287,301,478,67,191,12797,1
0000485.jpg,368,193,428,351,60,158,9480,2
0000485.jpg,483,221,545,362,62,141,8742,3
0000484.jpg,228,40,286,169,58,129,7482,2
0000484.jpg,320,49,372,165,52,116,6032,3
0000484.jpg,135,120,198,301,63,181,11403,1
0000483.jpg,94,181,159,369,65,188,12220,1
0000483.jpg,196,103,252,235,56,132,7392,2
0000483.jpg,293,119,345,239,52,120,6240,3
0000482.jpg,230,305,298,477,68,172,11696,1
0000482.jpg,347,211,412,369,65,158,10270,2
0000482.jpg,463,233,523,374,60,141,8460,3
0000481.jpg,250,324,314,480,64,156,9984,1
0000481.jpg,366,234,425,384,59,150,8850,2
0000481.jpg,477,251,535,388,58,137,7946,3
0000480.jpg,498,133,557,322,59,189,11151,1
0000480.jpg,597,57,640,189,43,132,5676,2
0000479.jpg,477,154,535,341,58,187,10846,1
0000479.jpg,573,80,626,210,53,130,6890,2
0000478.jpg,128,162,191,350,63,188,11844,1
0000478.jpg,211,85,263,211,52,126,6552,2
0000478.jpg,303,97,349,207,46,110,5060,3
0000477.jpg,2,49,18,178,16,129,2064,2
0000477.jpg,64,64,108,172,44,108,4752,3
0000476.jpg,28,139,78,254,50,115,5750,3
0000475.jpg,44,208,113,358,69,150,10350,3
0000474.jpg,61,212,134,386,73,174,12702,2
0000474.jpg,197,235,262,387,65,152,9880,3
0000473.jpg,92,209,161,390,69,181,12489,2
0000473.jpg,228,233,292,386,64,153,9792,3
0000472.jpg,152,258,240,475,88,217,19096,2
0000472.jpg,308,293,400,479,92,186,17112,3
0000471.jpg,164,166,254,386,90,220,19800,2
0000471.jpg,324,200,414,397,90,197,17730,3
0000471.jpg,1,293,74,478,73,185,13505,1
0000470.jpg,2,285,49,477,47,192,9024,1
0000470.jpg,120,189,200,370,80,181,14480,2
0000470.jpg,236,215,308,376,72,161,11592,3
0000469.jpg,41,87,130,290,89,203,18067,2
0000469.jpg,168,122,247,296,79,174,13746,3
0000468.jpg,84,52,204,410,120,358,42960,1
0000468.jpg,260,0,355,152,95,152,14440,2
0000468.jpg,401,1,492,153,91,152,13832,3
0000467.jpg,195,68,312,444,117,376,43992,1
0000467.jpg,372,1,476,170,104,169,17576,2
0000467.jpg,518,1,612,166,94,165,15510,3
0000466.jpg,212,185,301,468,89,283,25187,1
0000466.jpg,342,68,419,254,77,186,14322,2
0000466.jpg,448,87,518,250,70,163,11410,3
0000465.jpg,185,148,288,449,103,301,31003,1
0000465.jpg,329,18,413,224,84,206,17304,2
0000465.jpg,446,40,517,216,71,176,12496,3
0000464.jpg,307,202,408,451,101,249,25149,2
0000464.jpg,450,229,539,444,89,215,19135,3
0000464.jpg,535,113,634,434,99,321,31779,1
0000463.jpg,230,189,318,402,88,213,18744,2
0000463.jpg,355,220,433,398,78,178,13884,3
0000463.jpg,434,117,515,388,81,271,21951,1
0000462.jpg,304,166,382,340,78,174,13572,2
0000462.jpg,404,192,476,346,72,154,11088,3
0000462.jpg,471,109,543,343,72,234,16848,1
0000461.jpg,308,249,367,379,59,130,7670,2
0000461.jpg,380,271,427,378,47,107,5029,3
0000461.jpg,420,207,474,372,54,165,8910,1
0000460.jpg,217,126,260,222,43,96,4128,2
0000460.jpg,270,137,311,219,41,82,3362,3
0000460.jpg,299,87,340,214,41,127,5207,1
0000459.jpg,258,106,298,205,40,99,3960,2
0000459.jpg,311,120,347,202,36,82,2952,3
0000459.jpg,339,71,380,195,41,124,5084,1
0000458.jpg,313,144,355,237,42,93,3906,2
0000458.jpg,369,158,407,233,38,75,2850,3
0000458.jpg,399,107,437,225,38,118,4484,1
0000457.jpg,125,175,163,270,38,95,3610,2
0000457.jpg,180,186,222,268,42,82,3444,3
0000457.jpg,217,133,257,262,40,129,5160,1
0000456.jpg,248,156,287,245,39,89,3471,2
0000456.jpg,304,168,339,244,35,76,2660,3
0000456.jpg,338,125,379,244,41,119,4879,1
0000455.jpg,278,184,316,272,38,88,3344,2
0000455.jpg,333,195,370,276,37,81,2997,3
0000455.jpg,376,150,414,276,38,126,4788,1
0000454.jpg,142,150,184,245,42,95,3990,2
0000454.jpg,203,163,239,252,36,89,3204,3
0000454.jpg,251,117,295,250,44,133,5852,1
0000453.jpg,199,119,243,224,44,105,4620,2
0000453.jpg,266,136,306,229,40,93,3720,3
0000453.jpg,317,86,364,232,47,146,6862,1
0000452.jpg,248,110,297,225,49,115,5635,2
0000452.jpg,323,124,365,228,42,104,4368,3
0000452.jpg,382,67,433,225,51,158,8058,1
0000451.jpg,256,74,306,197,50,123,6150,2
0000451.jpg,329,94,376,202,47,108,5076,3
0000451.jpg,390,31,445,206,55,175,9625,1
0000450.jpg,197,166,258,313,61,147,8967,2
0000450.jpg,283,184,345,313,62,129,7998,3
0000450.jpg,356,103,425,316,69,213,14697,1
0000449.jpg,105,203,192,424,87,221,19227,2
0000449.jpg,240,233,318,432,78,199,15522,3
0000449.jpg,343,126,440,436,97,310,30070,1
0000448.jpg,160,193,248,410,88,217,19096,2
0000448.jpg,277,222,353,418,76,196,14896,3
0000448.jpg,402,108,501,421,99,313,30987,1
0000447.jpg,177,125,258,336,81,211,17091,2
0000447.jpg,287,152,363,342,76,190,14440,3
0000447.jpg,409,40,497,347,88,307,27016,1
0000446.jpg,261,166,351,366,90,200,18000,2
0000446.jpg,366,200,446,379,80,179,14320,3
0000446.jpg,483,101,587,393,104,292,30368,1
0000445.jpg,216,151,306,362,90,211,18990,2
0000445.jpg,336,182,414,374,78,192,14976,3
0000445.jpg,462,67,560,381,98,314,30772,1
0000444.jpg,204,181,288,376,84,195,16380,2
0000444.jpg,315,209,390,389,75,180,13500,3
0000444.jpg,435,105,523,396,88,291,25608,1
0000443.jpg,124,166,195,333,71,167,11857,2
0000443.jpg,220,187,285,342,65,155,10075,3
0000443.jpg,322,99,399,345,77,246,18942,1
0000442.jpg,89,85,147,219,58,134,7772,2
0000442.jpg,161,106,215,224,54,118,6372,3
0000442.jpg,243,38,304,235,61,197,12017,1
0000441.jpg,236,123,291,249,55,126,6930,2
0000441.jpg,307,141,357,256,50,115,5750,3
0000441.jpg,387,72,444,265,57,193,11001,1
0000440.jpg,370,121,427,245,57,124,7068,2
0000440.jpg,442,133,495,250,53,117,6201,3
0000440.jpg,520,54,584,250,64,196,12544,1
0000439.jpg,357,170,406,277,49,107,5243,2
0000439.jpg,417,189,462,292,45,103,4635,3
0000439.jpg,487,133,538,302,51,169,8619,1
0000438.jpg,146,78,186,175,40,97,3880,2
0000438.jpg,200,94,236,182,36,88,3168,3
0000438.jpg,257,45,299,187,42,142,5964,1
0000437.jpg,127,123,166,217,39,94,3666,2
0000437.jpg,180,135,219,222,39,87,3393,3
0000437.jpg,237,84,282,221,45,137,6165,1
0000436.jpg,2,100,43,194,41,94,3854,2
0000436.jpg,56,118,93,204,37,86,3182,3
0000436.jpg,112,71,161,207,49,136,6664,1
0000435.jpg,314,202,353,292,39,90,3510,2
0000435.jpg,365,216,402,295,37,79,2923,3
0000435.jpg,422,172,462,295,40,123,4920,1
0000434.jpg,190,218,228,308,38,90,3420,2
0000434.jpg,241,231,274,312,33,81,2673,3
0000434.jpg,295,189,332,317,37,128,4736,1
0000433.jpg,409,264,447,351,38,87,3306,2
0000433.jpg,458,278,488,356,30,78,2340,3
0000433.jpg,507,238,546,355,39,117,4563,1
0000432.jpg,340,203,377,284,37,81,2997,2
0000432.jpg,388,217,421,292,33,75,2475,3
0000432.jpg,436,175,474,293,38,118,4484,1
0000431.jpg,298,261,339,361,41,100,4100,2
0000431.jpg,350,273,394,364,44,91,4004,3
0000431.jpg,412,220,453,364,41,144,5904,1
0000430.jpg,184,115,227,210,43,95,4085,2
0000430.jpg,239,128,278,217,39,89,3471,3
0000430.jpg,295,79,341,220,46,141,6486,1
0000429.jpg,124,143,178,259,54,116,6264,2
0000429.jpg,198,157,241,266,43,109,4687,3
0000429.jpg,266,98,318,267,52,169,8788,1
0000428.jpg,359,93,413,216,54,123,6642,2
0000428.jpg,420,101,471,213,51,112,5712,3
0000428.jpg,470,33,524,202,54,169,9126,1
0000427.jpg,287,196,346,326,59,130,7670,2
0000427.jpg,352,205,407,323,55,118,6490,3
0000427.jpg,402,131,460,311,58,180,10440,1
0000426.jpg,117,175,190,337,73,162,11826,2
0000426.jpg,198,187,264,325,66,138,9108,3
0000426.jpg,265,104,328,313,63,209,13167,1
0000425.jpg,238,158,300,320,62,162,10044,2
0000425.jpg,315,173,370,312,55,139,7645,3
0000425.jpg,373,95,434,308,61,213,12993,1
0000424.jpg,152,164,221,341,69,177,12213,2
0000424.jpg,241,182,305,336,64,154,9856,3
0000424.jpg,314,96,378,327,64,231,14784,1
0000423.jpg,168,197,283,472,115,275,31625,2
0000423.jpg,309,217,412,453,103,236,24308,3
0000423.jpg,422,81,529,420,107,339,36273,1
0000422.jpg,169,178,271,445,102,267,27234,2
0000422.jpg,309,206,397,432,88,226,19888,3
0000422.jpg,414,84,517,414,103,330,33990,1
0000421.jpg,257,200,353,422,96,222,21312,2
0000421.jpg,367,217,454,404,87,187,16269,3
0000421.jpg,458,103,548,382,90,279,25110,1
0000420.jpg,138,158,237,391,99,233,23067,2
0000420.jpg,255,175,344,370,89,195,17355,3
0000420.jpg,348,61,430,353,82,292,23944,1
0000419.jpg,174,151,259,354,85,203,17255,2
0000419.jpg,274,171,345,342,71,171,12141,3
0000419.jpg,344,73,419,327,75,254,19050,1
0000418.jpg,94,178,180,356,86,178,15308,2
0000418.jpg,188,185,254,336,66,151,9966,3
0000418.jpg,244,97,317,316,73,219,15987,1
0000417.jpg,112,159,193,333,81,174,14094,2
0000417.jpg,203,172,273,319,70,147,10290,3
0000417.jpg,261,80,335,299,74,219,16206,1
0000416.jpg,92,101,154,233,62,132,8184,2
0000416.jpg,165,113,220,228,55,115,6325,3
0000416.jpg,219,45,271,221,52,176,9152,1
0000415.jpg,318,145,370,273,52,128,6656,2
0000415.jpg,382,159,428,267,46,108,4968,3
0000415.jpg,433,94,483,268,50,174,8700,1
0000414.jpg,207,158,261,288,54,130,7020,2
0000414.jpg,274,169,320,291,46,122,5612,3
0000414.jpg,326,106,386,278,60,172,10320,1
0000413.jpg,343,99,406,253,63,154,9702,2
0000413.jpg,421,115,478,247,57,132,7524,3
0000413.jpg,486,36,547,236,61,200,12200,1
0000412.jpg,319,165,389,330,70,165,11550,2
0000412.jpg,407,178,467,322,60,144,8640,3
0000412.jpg,474,94,545,313,71,219,15549,1
0000411.jpg,184,195,266,403,82,208,17056,2
0000411.jpg,298,217,371,395,73,178,12994,3
0000411.jpg,392,113,479,391,87,278,24186,1
0000410.jpg,177,215,256,406,79,191,15089,2
0000410.jpg,287,242,360,416,73,174,12702,3
0000410.jpg,388,141,478,424,90,283,25470,1
0000409.jpg,275,167,341,329,66,162,10692,2
0000409.jpg,366,184,429,331,63,147,9261,3
0000409.jpg,451,99,522,328,71,229,16259,1
0000408.jpg,305,255,358,375,53,120,6360,2
0000408.jpg,376,269,425,380,49,111,5439,3
0000408.jpg,442,209,503,392,61,183,11163,1
0000407.jpg,235,194,289,310,54,116,6264,2
0000407.jpg,304,202,352,309,48,107,5136,3
0000407.jpg,366,136,418,301,52,165,8580,1
0000406.jpg,334,219,380,338,46,119,5474,2
0000406.jpg,401,229,445,339,44,110,4840,3
0000406.jpg,464,171,512,338,48,167,8016,1
0000405.jpg,325,208,377,329,52,121,6292,2
0000405.jpg,394,221,435,318,41,97,3977,3
0000405.jpg,452,152,500,320,48,168,8064,1
0000404.jpg,240,238,292,357,52,119,6188,2
0000404.jpg,309,247,357,354,48,107,5136,3
0000404.jpg,365,181,416,349,51,168,8568,1
0000403.jpg,302,198,352,326,50,128,6400,2
0000403.jpg,374,210,422,325,48,115,5520,3
0000403.jpg,434,143,493,322,59,179,10561,1
0000402.jpg,288,226,350,378,62,152,9424,2
0000402.jpg,376,245,431,383,55,138,7590,3
0000402.jpg,452,165,517,381,65,216,14040,1
0000401.jpg,473,173,547,348,74,175,12950,2
0000401.jpg,581,199,638,359,57,160,9120,3
0000400.jpg,332,85,387,226,55,141,7755,1
0000400.jpg,393,132,441,233,48,101,4848,2
0000399.jpg,282,116,325,203,43,87,3741,3
0000399.jpg,342,69,389,206,47,137,6439,1
0000399.jpg,400,110,440,206,40,96,3840,2
0000398.jpg,12,256,61,344,49,88,4312,3
0000398.jpg,71,213,128,349,57,136,7752,1
0000398.jpg,128,257,176,353,48,96,4608,2
0000397.jpg,305,162,352,254,47,92,4324,3
0000397.jpg,369,111,423,258,54,147,7938,1
0000397.jpg,434,157,476,259,42,102,4284,2
0000396.jpg,132,160,198,295,66,135,8910,3
0000396.jpg,225,85,295,299,70,214,14980,1
0000396.jpg,314,145,377,300,63,155,9765,2
0000395.jpg,157,178,236,343,79,165,13035,3
0000395.jpg,261,94,351,351,90,257,23130,1
0000395.jpg,368,178,448,358,80,180,14400,2
0000394.jpg,21,185,96,351,75,166,12450,3
0000394.jpg,126,104,219,361,93,257,23901,1
0000394.jpg,232,186,312,364,80,178,14240,2
0000393.jpg,546,159,634,360,88,201,17688,3
0000392.jpg,235,115,342,369,107,254,27178,1
0000391.jpg,271,129,377,382,106,253,26818,1
0000390.jpg,296,110,383,404,87,294,25578,1
0000390.jpg,410,211,502,434,92,223,20516,2
0000390.jpg,545,252,636,460,91,208,18928,3
0000389.jpg,442,64,545,373,103,309,31827,1
0000389.jpg,571,162,637,400,66,238,15708,2
0000388.jpg,234,76,348,377,114,301,34314,1
0000388.jpg,358,169,453,396,95,227,21565,2
0000388.jpg,483,210,582,421,99,211,20889,3
0000387.jpg,385,3,458,217,73,214,15622,1
0000387.jpg,466,58,536,222,70,164,11480,2
0000387.jpg,565,74,630,223,65,149,9685,3
0000386.jpg,266,87,334,273,68,186,12648,1
0000386.jpg,341,137,401,274,60,137,8220,2
0000386.jpg,415,150,477,274,62,124,7688,3
0000385.jpg,140,70,202,230,62,160,9920,1
0000385.jpg,209,111,259,225,50,114,5700,2
0000385.jpg,279,126,322,226,43,100,4300,3
0000384.jpg,131,104,201,283,70,179,12530,1
0000384.jpg,206,154,265,283,59,129,7611,2
0000384.jpg,289,166,344,280,55,114,6270,3
0000383.jpg,358,123,428,339,70,216,15120,1
0000383.jpg,447,190,507,346,60,156,9360,2
0000383.jpg,543,215,602,360,59,145,8555,3
0000382.jpg,286,197,356,409,70,212,14840,1
0000382.jpg,369,266,432,394,63,128,8064,2
0000382.jpg,446,268,500,392,54,124,6696,3
0000381.jpg,282,209,353,401,71,192,13632,1
0000381.jpg,366,251,423,387,57,136,7752,2
0000381.jpg,436,252,488,368,52,116,6032,3
0000380.jpg,273,246,343,476,70,230,16100,1
0000380.jpg,369,303,431,471,62,168,10416,2
0000380.jpg,452,312,506,455,54,143,7722,3
0000379.jpg,203,129,296,419,93,290,26970,1
0000379.jpg,323,204,397,400,74,196,14504,2
0000379.jpg,424,213,486,380,62,167,10354,3
0000378.jpg,148,149,250,442,102,293,29886,1
0000378.jpg,275,212,354,414,79,202,15958,2
0000378.jpg,379,218,443,390,64,172,11008,3
0000377.jpg,162,33,247,332,85,299,25415,1
0000377.jpg,252,104,328,305,76,201,15276,2
0000377.jpg,322,99,372,264,50,165,8250,3
0000376.jpg,96,32,191,335,95,303,28785,1
0000376.jpg,190,105,270,311,80,206,16480,2
0000376.jpg,258,106,313,271,55,165,9075,3
0000375.jpg,323,74,423,369,100,295,29500,1
0000375.jpg,418,148,497,350,79,202,15958,2
0000375.jpg,491,149,541,314,50,165,8250,3
0000374.jpg,358,129,445,426,87,297,25839,1
0000374.jpg,445,194,522,401,77,207,15939,2
0000374.jpg,513,187,571,359,58,172,9976,3
0000373.jpg,237,36,352,345,115,309,35535,1
0000373.jpg,336,117,435,328,99,211,20889,2
0000373.jpg,414,118,488,288,74,170,12580,3
0000372.jpg,263,60,370,380,107,320,34240,1
0000372.jpg,368,127,457,347,89,220,19580,2
0000372.jpg,443,114,515,300,72,186,13392,3
0000371.jpg,70,30,221,435,151,405,61155,1
0000371.jpg,231,130,352,414,121,284,34364,2
0000371.jpg,360,131,455,361,95,230,21850,3
0000370.jpg,128,68,273,477,145,409,59305,1
0000370.jpg,294,171,412,464,118,293,34574,2
0000370.jpg,425,175,532,417,107,242,25894,3
0000369.jpg,109,181,238,476,129,295,38055,1
0000369.jpg,283,291,404,476,121,185,22385,2
0000369.jpg,391,291,474,479,83,188,15604,3
0000368.jpg,83,141,246,478,163,337,54931,1
0000368.jpg,282,276,423,479,141,203,28623,2
0000368.jpg,430,283,548,476,118,193,22774,3
0000367.jpg,123,18,252,412,129,394,50826,1
0000367.jpg,286,152,405,444,119,292,34748,2
0000367.jpg,404,165,514,415,110,250,27500,3
0000365.jpg,90,153,197,478,107,325,34775,1
0000365.jpg,120,278,226,478,106,200,21200,2
0000365.jpg,245,306,340,478,95,172,16340,3
0000364.jpg,144,116,251,473,107,357,38199,1
0000364.jpg,174,240,278,478,104,238,24752,2
0000364.jpg,297,266,394,477,97,211,20467,3
0000363.jpg,266,18,346,278,80,260,20800,1
0000363.jpg,305,100,384,300,79,200,15800,2
0000363.jpg,391,119,458,292,67,173,11591,3
0000362.jpg,327,4,409,235,82,231,18942,1
0000362.jpg,367,50,446,250,79,200,15800,2
0000362.jpg,453,68,522,238,69,170,11730,3
0000361.jpg,136,1,257,271,121,270,32670,1
0000361.jpg,229,4,363,286,134,282,37788,2
0000361.jpg,347,4,441,252,94,248,23312,3
0000360.jpg,105,1,226,257,121,256,30976,1
0000360.jpg,203,1,343,279,140,278,38920,2
0000360.jpg,325,3,420,245,95,242,22990,3
0000359.jpg,164,1,283,443,119,442,52598,1
0000359.jpg,259,111,386,439,127,328,41656,2
0000359.jpg,370,137,459,422,89,285,25365,3
0000358.jpg,232,3,355,386,123,383,47109,1
0000358.jpg,323,115,437,414,114,299,34086,2
0000358.jpg,434,138,524,387,90,249,22410,3
0000357.jpg,191,140,277,407,86,267,22962,1
0000357.jpg,253,221,341,420,88,199,17512,2
0000357.jpg,328,223,389,394,61,171,10431,3
0000356.jpg,211,160,291,428,80,268,21440,1
0000356.jpg,275,243,359,442,84,199,16716,2
0000356.jpg,346,246,410,414,64,168,10752,3
0000355.jpg,210,178,293,439,83,261,21663,1
0000355.jpg,272,258,357,452,85,194,16490,2
0000355.jpg,339,260,407,424,68,164,11152,3
0000354.jpg,256,191,330,423,74,232,17168,1
0000354.jpg,368,266,430,411,62,145,8990,3
0000354.jpg,454,241,523,408,69,167,11523,2
0000353.jpg,305,170,382,404,77,234,18018,1
0000353.jpg,419,237,495,390,76,153,11628,3
0000353.jpg,509,211,583,385,74,174,12876,2
0000351.jpg,17,254,131,478,114,224,25536,3
0000351.jpg,137,214,257,480,120,266,31920,2
0000350.jpg,33,233,152,477,119,244,29036,3
0000350.jpg,151,194,269,471,118,277,32686,2
0000349.jpg,481,97,624,478,143,381,54483,1
0000348.jpg,490,47,635,478,145,431,62495,1
0000347.jpg,74,39,208,476,134,437,58558,1
0000347.jpg,260,199,361,453,101,254,25654,3
0000347.jpg,359,164,464,429,105,265,27825,2
0000346.jpg,88,26,224,476,136,450,61200,1
0000346.jpg,269,184,371,437,102,253,25806,3
0000346.jpg,366,152,472,410,106,258,27348,2
0000345.jpg,89,7,221,463,132,456,60192,1
0000345.jpg,269,171,371,422,102,251,25602,3
0000345.jpg,366,137,472,397,106,260,27560,2
0000344.jpg,164,100,278,475,114,375,42750,1
0000344.jpg,322,238,412,456,90,218,19620,3
0000344.jpg,419,210,514,441,95,231,21945,2
0000343.jpg,194,76,303,445,109,369,40221,1
0000343.jpg,352,209,437,424,85,215,18275,3
0000343.jpg,443,182,537,409,94,227,21338,2
0000342.jpg,118,34,215,366,97,332,32204,1
0000342.jpg,260,157,338,349,78,192,14976,3
0000342.jpg,350,130,434,338,84,208,17472,2
0000341.jpg,124,51,223,382,99,331,32769,1
0000341.jpg,268,171,347,364,79,193,15247,3
0000341.jpg,359,147,441,350,82,203,16646,2
0000340.jpg,285,97,372,404,87,307,26709,1
0000340.jpg,411,200,482,383,71,183,12993,3
0000340.jpg,488,173,566,369,78,196,15288,2
0000339.jpg,270,48,358,357,88,309,27192,1
0000339.jpg,399,157,471,339,72,182,13104,3
0000339.jpg,480,125,558,322,78,197,15366,2
0000338.jpg,92,100,189,386,97,286,27742,1
0000338.jpg,217,191,298,360,81,169,13689,3
0000338.jpg,298,159,374,342,76,183,13908,2
0000337.jpg,232,142,302,397,70,255,17850,1
0000337.jpg,341,228,398,379,57,151,8607,3
0000337.jpg,408,203,471,368,63,165,10395,2
0000336.jpg,226,139,299,391,73,252,18396,1
0000336.jpg,330,223,395,375,65,152,9880,3
0000336.jpg,400,198,465,360,65,162,10530,2
0000335.jpg,171,150,243,373,72,223,16056,1
0000335.jpg,267,218,325,352,58,134,7772,3
0000335.jpg,329,193,386,340,57,147,8379,2
0000334.jpg,304,180,366,382,62,202,12524,1
0000334.jpg,388,243,442,369,54,126,6804,3
0000334.jpg,442,220,498,355,56,135,7560,2
0000333.jpg,169,149,231,338,62,189,11718,1
0000333.jpg,248,214,298,332,50,118,5900,3
0000333.jpg,302,198,356,324,54,126,6804,2
0000332.jpg,161,158,221,344,60,186,11160,1
0000332.jpg,240,224,290,337,50,113,5650,3
0000332.jpg,295,209,346,330,51,121,6171,2
0000331.jpg,80,121,131,289,51,168,8568,1
0000331.jpg,153,180,196,281,43,101,4343,3
0000331.jpg,202,163,249,275,47,112,5264,2
0000330.jpg,208,194,257,356,49,162,7938,1
0000330.jpg,277,247,314,345,37,98,3626,3
0000330.jpg,323,230,363,338,40,108,4320,2
0000329.jpg,297,182,342,336,45,154,6930,1
0000329.jpg,361,229,403,327,42,98,4116,3
0000329.jpg,406,212,447,318,41,106,4346,2
0000328.jpg,436,141,480,288,44,147,6468,1
0000328.jpg,499,188,538,279,39,91,3549,3
0000328.jpg,543,174,588,275,45,101,4545,2
0000327.jpg,346,259,387,404,41,145,5945,1
0000327.jpg,407,308,445,398,38,90,3420,3
0000327.jpg,452,293,491,390,39,97,3783,2
0000326.jpg,323,198,366,348,43,150,6450,1
0000326.jpg,387,244,421,341,34,97,3298,3
0000326.jpg,432,232,469,333,37,101,3737,2
0000325.jpg,309,132,353,271,44,139,6116,1
0000325.jpg,374,180,412,270,38,90,3420,3
0000325.jpg,420,167,459,265,39,98,3822,2
0000324.jpg,418,54,462,198,44,144,6336,1
0000324.jpg,481,104,521,193,40,89,3560,3
0000324.jpg,531,90,570,189,39,99,3861,2
0000323.jpg,437,150,481,296,44,146,6424,1
0000323.jpg,504,198,540,289,36,91,3276,3
0000323.jpg,551,183,591,282,40,99,3960,2
0000322.jpg,402,295,448,441,46,146,6716,1
0000322.jpg,467,342,510,436,43,94,4042,3
0000322.jpg,513,327,555,429,42,102,4284,2
0000321.jpg,283,273,326,416,43,143,6149,1
0000321.jpg,347,318,384,408,37,90,3330,3
0000321.jpg,393,303,431,400,38,97,3686,2
0000320.jpg,140,205,179,332,39,127,4953,1
0000320.jpg,202,248,235,329,33,81,2673,3
0000320.jpg,247,235,281,324,34,89,3026,2
0000319.jpg,134,170,175,302,41,132,5412,1
0000319.jpg,195,216,227,296,32,80,2560,3
0000319.jpg,236,204,272,291,36,87,3132,2
0000318.jpg,66,85,109,214,43,129,5547,1
0000318.jpg,128,134,162,215,34,81,2754,3
0000318.jpg,173,124,210,214,37,90,3330,2
0000317.jpg,76,302,116,431,40,129,5160,1
0000317.jpg,137,349,170,431,33,82,2706,3
0000317.jpg,181,338,218,427,37,89,3293,2
0000316.jpg,81,284,121,413,40,129,5160,1
0000316.jpg,141,332,175,412,34,80,2720,3
0000316.jpg,188,322,224,411,36,89,3204,2
0000315.jpg,171,286,209,415,38,129,4902,1
0000315.jpg,232,331,266,413,34,82,2788,3
0000315.jpg,273,320,309,408,36,88,3168,2
0000314.jpg,335,250,373,371,38,121,4598,1
0000314.jpg,391,298,425,372,34,74,2516,3
0000314.jpg,434,287,468,368,34,81,2754,2
0000313.jpg,387,284,424,405,37,121,4477,1
0000313.jpg,442,329,476,405,34,76,2584,3
0000313.jpg,485,321,522,407,37,86,3182,2
0000312.jpg,454,234,493,353,39,119,4641,1
0000312.jpg,513,276,547,352,34,76,2584,3
0000312.jpg,554,264,590,351,36,87,3132,2
0000311.jpg,451,47,486,164,35,117,4095,1
0000311.jpg,509,90,541,166,32,76,2432,3
0000311.jpg,553,75,585,160,32,85,2720,2
0000310.jpg,442,39,477,160,35,121,4235,1
0000310.jpg,498,79,530,155,32,76,2432,3
0000310.jpg,540,68,573,154,33,86,2838,2
0000309.jpg,376,236,411,355,35,119,4165,1
0000309.jpg,431,279,461,353,30,74,2220,3
0000309.jpg,472,268,506,352,34,84,2856,2
0000308.jpg,324,190,364,320,40,130,5200,1
0000308.jpg,387,238,420,322,33,84,2772,3
0000308.jpg,431,227,469,318,38,91,3458,2
0000307.jpg,228,138,276,294,48,156,7488,1
0000307.jpg,306,194,345,294,39,100,3900,3
0000307.jpg,356,183,402,291,46,108,4968,2
0000306.jpg,297,168,359,365,62,197,12214,1
0000306.jpg,392,244,446,370,54,126,6804,3
0000306.jpg,460,230,523,371,63,141,8883,2
0000305.jpg,304,161,365,363,61,202,12322,1
0000305.jpg,398,239,449,365,51,126,6426,3
0000305.jpg,470,221,527,366,57,145,8265,2
0000304.jpg,206,103,304,414,98,311,30478,1
0000304.jpg,356,210,434,406,78,196,15288,3
0000304.jpg,464,178,546,398,82,220,18040,2
0000303.jpg,204,108,300,418,96,310,29760,1
0000303.jpg,350,218,431,413,81,195,15795,3
0000303.jpg,457,183,541,404,84,221,18564,2
0000302.jpg,347,280,433,475,86,195,16770,1
0000302.jpg,494,390,582,478,88,88,7744,3
0000302.jpg,609,360,640,477,31,117,3627,2
0000301.jpg,159,160,278,475,119,315,37485,1
0000301.jpg,316,310,416,480,100,170,17000,3
0000301.jpg,468,277,581,477,113,200,22600,2
0000300.jpg,258,1,365,269,107,268,28676,1
0000300.jpg,384,72,468,261,84,189,15876,3
0000300.jpg,503,34,596,255,93,221,20553,2
0000299.jpg,197,5,304,313,107,308,32956,1
0000299.jpg,331,95,414,300,83,205,17015,3
0000299.jpg,458,65,547,291,89,226,20114,2
0000298.jpg,194,3,308,280,114,277,31578,1
0000298.jpg,336,61,419,270,83,209,17347,3
0000298.jpg,467,30,552,261,85,231,19635,2
0000297.jpg,299,305,368,479,69,174,12006,1
0000297.jpg,385,382,440,480,55,98,5390,3
0000297.jpg,469,358,529,478,60,120,7200,2
0000296.jpg,291,302,362,479,71,177,12567,1
0000296.jpg,380,380,435,479,55,99,5445,3
0000296.jpg,463,357,520,478,57,121,6897,2
0000295.jpg,276,48,339,266,63,218,13734,1
0000295.jpg,358,127,411,258,53,131,6943,3
0000295.jpg,439,103,497,254,58,151,8758,2
0000294.jpg,152,172,214,374,62,202,12524,1
0000294.jpg,228,242,277,367,49,125,6125,3
0000294.jpg,301,222,360,359,59,137,8083,2
0000293.jpg,475,345,534,478,59,133,7847,1
0000293.jpg,534,401,583,478,49,77,3773,3
0000293.jpg,586,378,637,479,51,101,5151,2
0000292.jpg,505,120,560,299,55,179,9845,1
0000292.jpg,559,172,607,284,48,112,5376,3
0000292.jpg,616,146,639,270,23,124,2852,2
0000291.jpg,411,76,471,262,60,186,11160,1
0000291.jpg,470,132,515,243,45,111,4995,3
0000291.jpg,521,105,577,228,56,123,6888,2
0000290.jpg,332,104,390,298,58,194,11252,1
0000290.jpg,398,164,450,281,52,117,6084,3
0000290.jpg,461,139,514,270,53,131,6943,2
0000289.jpg,365,181,451,431,86,250,21500,1
0000289.jpg,443,259,510,410,67,151,10117,3
0000289.jpg,505,231,576,389,71,158,11218,2
0000288.jpg,138,39,247,409,109,370,40330,1
0000288.jpg,243,164,335,375,92,211,19412,3
0000288.jpg,333,126,428,344,95,218,20710,2
0000287.jpg,434,59,537,391,103,332,34196,1
0000287.jpg,547,161,623,360,76,199,15124,3
0000286.jpg,312,55,409,375,97,320,31040,1
0000286.jpg,420,159,495,349,75,190,14250,3
0000286.jpg,509,122,592,328,83,206,17098,2
0000285.jpg,152,114,235,400,83,286,23738,1
0000285.jpg,246,207,313,375,67,168,11256,3
0000285.jpg,334,175,400,358,66,183,12078,2
0000284.jpg,205,205,279,430,74,225,16650,1
0000284.jpg,284,279,341,417,57,138,7866,3
0000284.jpg,352,255,419,405,67,150,10050,2
0000283.jpg,183,29,320,452,137,423,57951,1
0000283.jpg,337,168,437,415,100,247,24700,3
0000283.jpg,472,123,572,386,100,263,26300,2
0000282.jpg,170,15,308,438,138,423,58374,1
0000282.jpg,331,155,425,405,94,250,23500,3
0000282.jpg,463,111,564,374,101,263,26563,2
0000281.jpg,389,72,500,444,111,372,41292,1
0000281.jpg,520,194,614,422,94,228,21432,3
0000280.jpg,151,37,269,401,118,364,42952,1
0000280.jpg,287,152,372,371,85,219,18615,3
0000280.jpg,405,114,490,346,85,232,19720,2
0000279.jpg,204,70,294,384,90,314,28260,1
0000279.jpg,314,178,391,366,77,188,14476,3
0000279.jpg,417,150,503,352,86,202,17372,2
0000278.jpg,168,138,228,341,60,203,12180,1
0000278.jpg,242,210,291,332,49,122,5978,3
0000278.jpg,313,189,364,323,51,134,6834,2
0000277.jpg,406,33,447,174,41,141,5781,1
0000277.jpg,458,85,494,167,36,82,2952,3
0000277.jpg,511,70,553,169,42,99,4158,2
0000276.jpg,200,53,242,191,42,138,5796,1
0000276.jpg,252,101,288,187,36,86,3096,3
0000276.jpg,302,94,341,190,39,96,3744,2
0000275.jpg,109,88,150,224,41,136,5576,1
0000275.jpg,160,142,196,224,36,82,2952,3
0000275.jpg,213,133,251,224,38,91,3458,2
0000274.jpg,109,232,150,369,41,137,5617,1
0000274.jpg,160,288,196,372,36,84,3024,3
0000274.jpg,212,280,253,374,41,94,3854,2
0000273.jpg,335,226,370,352,35,126,4410,1
0000273.jpg,379,276,413,355,34,79,2686,3
0000273.jpg,425,267,468,358,43,91,3913,2
0000272.jpg,335,241,370,369,35,128,4480,1
0000272.jpg,381,292,413,373,32,81,2592,3
0000272.jpg,426,283,466,375,40,92,3680,2
0000271.jpg,342,59,382,187,40,128,5120,1
0000271.jpg,389,105,423,190,34,85,2890,3
0000271.jpg,437,97,474,186,37,89,3293,2
0000270.jpg,262,101,301,239,39,138,5382,1
0000270.jpg,310,156,345,239,35,83,2905,3
0000270.jpg,361,146,403,243,42,97,4074,2
0000269.jpg,272,102,313,239,41,137,5617,1
0000269.jpg,323,155,360,241,37,86,3182,3
0000269.jpg,376,144,413,245,37,101,3737,2
0000268.jpg,293,69,342,228,49,159,7791,1
0000268.jpg,352,129,393,230,41,101,4141,3
0000268.jpg,409,119,454,232,45,113,5085,2
0000267.jpg,177,71,237,262,60,191,11460,1
0000267.jpg,249,145,299,264,50,119,5950,3
0000267.jpg,319,134,372,271,53,137,7261,2
0000266.jpg,159,90,227,315,68,225,15300,1
0000266.jpg,243,178,301,324,58,146,8468,3
0000266.jpg,327,169,392,337,65,168,10920,2
0000265.jpg,129,47,244,440,115,393,45195,1
0000265.jpg,278,200,385,451,107,251,26857,3
0000265.jpg,428,181,556,467,128,286,36608,2
0000264.jpg,169,31,275,397,106,366,38796,1
0000264.jpg,309,174,403,405,94,231,21714,3
0000264.jpg,450,153,570,415,120,262,31440,2
0000263.jpg,143,117,242,431,99,314,31086,1
0000263.jpg,270,233,348,429,78,196,15288,3
0000263.jpg,395,204,479,432,84,228,19152,2
0000262.jpg,157,24,230,276,73,252,18396,1
0000262.jpg,251,122,316,277,65,155,10075,3
0000262.jpg,350,104,424,283,74,179,13246,2
0000261.jpg,199,82,266,293,67,211,14137,1
0000261.jpg,279,163,338,292,59,129,7611,3
0000261.jpg,361,149,424,296,63,147,9261,2
0000260.jpg,245,149,294,315,49,166,8134,1
0000260.jpg,308,212,351,312,43,100,4300,3
0000260.jpg,371,200,421,315,50,115,5750,2
0000259.jpg,316,104,360,242,44,138,6072,1
0000259.jpg,372,159,410,247,38,88,3344,3
0000259.jpg,424,152,469,249,45,97,4365,2
0000258.jpg,238,113,276,232,38,119,4522,1
0000258.jpg,284,159,316,229,32,70,2240,3
0000258.jpg,331,151,365,230,34,79,2686,2
0000257.jpg,220,132,258,258,38,126,4788,1
0000257.jpg,268,177,301,259,33,82,2706,3
0000257.jpg,315,169,348,253,33,84,2772,2
0000256.jpg,238,139,277,272,39,133,5187,1
0000256.jpg,288,191,323,273,35,82,2870,3
0000256.jpg,339,182,376,274,37,92,3404,2
0000255.jpg,239,184,279,319,40,135,5400,1
0000255.jpg,292,231,326,319,34,88,2992,3
0000255.jpg,346,220,382,314,36,94,3384,2
0000254.jpg,220,134,277,314,57,180,10260,1
0000254.jpg,291,202,337,317,46,115,5290,3
0000254.jpg,361,188,415,316,54,128,6912,2
0000253.jpg,180,185,238,370,58,185,10730,1
0000253.jpg,244,252,297,365,53,113,5989,3
0000253.jpg,312,236,368,364,56,128,7168,2
0000252.jpg,245,262,301,459,56,197,11032,1
0000252.jpg,316,331,369,455,53,124,6572,3
0000252.jpg,394,314,447,454,53,140,7420,2
0000251.jpg,324,129,405,400,81,271,21951,1
0000251.jpg,423,236,496,403,73,167,12191,3
0000251.jpg,526,222,607,408,81,186,15066,2
0000250.jpg,394,118,452,305,58,187,10846,1
0000250.jpg,468,60,533,206,65,146,9490,2
0000250.jpg,480,204,533,319,53,115,6095,3
0000249.jpg,309,87,382,324,73,237,17301,1
0000249.jpg,411,16,484,205,73,189,13797,2
0000249.jpg,416,202,480,350,64,148,9472,3
0000248.jpg,186,165,268,440,82,275,22550,1
0000248.jpg,322,82,401,289,79,207,16353,2
0000248.jpg,325,278,391,442,66,164,10824,3
0000247.jpg,150,148,234,432,84,284,23856,1
0000247.jpg,294,63,377,274,83,211,17513,2
0000247.jpg,291,269,365,438,74,169,12506,3
0000246.jpg,189,116,283,431,94,315,29610,1
0000246.jpg,356,25,460,264,104,239,24856,2
0000246.jpg,356,258,441,454,85,196,16660,3
0000245.jpg,125,116,213,403,88,287,25256,1
0000245.jpg,279,29,366,247,87,218,18966,2
0000245.jpg,280,239,355,414,75,175,13125,3
0000244.jpg,387,101,444,279,57,178,10146,1
0000244.jpg,481,50,538,181,57,131,7467,2
0000244.jpg,481,178,533,288,52,110,5720,3
0000243.jpg,262,97,323,299,61,202,12322,1
0000243.jpg,371,35,432,182,61,147,8967,2
0000243.jpg,372,184,427,301,55,117,6435,3
0000242.jpg,223,127,313,401,90,274,24660,1
0000242.jpg,375,41,464,247,89,206,18334,2
0000242.jpg,377,242,452,414,75,172,12900,3
0000241.jpg,89,71,226,414,137,343,46991,1
0000241.jpg,271,5,386,219,115,214,24610,2
0000241.jpg,294,209,390,407,96,198,19008,3
0000240.jpg,2,136,109,457,107,321,34347,1
0000240.jpg,366,7,465,252,99,245,24255,2
0000240.jpg,376,243,459,428,83,185,15355,3
0000239.jpg,2,196,61,479,59,283,16697,1
0000239.jpg,328,74,425,322,97,248,24056,2
0000239.jpg,339,312,424,478,85,166,14110,3
0000238.jpg,115,10,284,417,169,407,68783,2
0000238.jpg,385,60,545,429,160,369,59040,3
0000238.jpg,2,1,33,384,31,383,11873,1
0000237.jpg,35,31,210,438,175,407,71225,2
0000237.jpg,306,85,459,449,153,364,55692,3
0000236.jpg,113,28,269,383,156,355,55380,2
0000236.jpg,355,64,492,395,137,331,45347,3
0000236.jpg,2,1,36,373,34,372,12648,1
0000235.jpg,170,57,287,338,117,281,32877,1
0000235.jpg,277,139,389,366,112,227,25424,2
0000235.jpg,374,165,489,392,115,227,26105,3
0000234.jpg,326,112,406,323,80,211,16880,1
0000234.jpg,406,177,483,340,77,163,12551,2
0000234.jpg,480,204,560,367,80,163,13040,3
0000233.jpg,272,52,345,259,73,207,15111,1
0000233.jpg,345,122,417,283,72,161,11592,2
0000233.jpg,414,152,486,307,72,155,11160,3
0000232.jpg,206,132,293,373,87,241,20967,1
0000232.jpg,312,212,389,401,77,189,14553,2
0000232.jpg,412,249,492,429,80,180,14400,3
0000231.jpg,183,96,267,340,84,244,20496,1
0000231.jpg,285,182,363,375,78,193,15054,2
0000231.jpg,389,226,462,409,73,183,13359,3
0000230.jpg,119,64,253,426,134,362,48508,1
0000230.jpg,309,162,416,432,107,270,28890,2
0000230.jpg,485,191,585,435,100,244,24400,3
0000229.jpg,73,63,228,455,155,392,60760,1
0000229.jpg,281,168,408,451,127,283,35941,2
0000229.jpg,474,190,579,448,105,258,27090,3
0000228.jpg,170,282,220,458,50,176,8800,1
0000228.jpg,255,331,304,459,49,128,6272,2
0000228.jpg,334,346,380,461,46,115,5290,3
0000227.jpg,176,103,236,276,60,173,10380,1
0000227.jpg,260,148,318,270,58,122,7076,2
0000227.jpg,340,152,394,266,54,114,6156,3
0000226.jpg,125,42,195,216,70,174,12180,1
0000226.jpg,217,84,275,204,58,120,6960,2
0000226.jpg,297,89,351,201,54,112,6048,3
0000225.jpg,352,160,413,333,61,173,10553,1
0000225.jpg,439,203,497,327,58,124,7192,2
0000225.jpg,521,215,573,326,52,111,5772,3
0000224.jpg,335,69,394,260,59,191,11269,1
0000224.jpg,427,125,480,259,53,134,7102,2
0000224.jpg,515,145,568,263,53,118,6254,3
0000223.jpg,189,160,262,369,73,209,15257,1
0000223.jpg,295,214,362,370,67,156,10452,2
0000223.jpg,394,228,457,368,63,140,8820,3
0000222.jpg,219,124,313,391,94,267,25098,1
0000222.jpg,353,188,433,381,80,193,15440,2
0000222.jpg,479,205,552,374,73,169,12337,3
0000221.jpg,208,198,297,474,89,276,24564,1
0000221.jpg,345,271,427,468,82,197,16154,2
0000221.jpg,477,290,547,470,70,180,12600,3
0000220.jpg,162,219,261,464,99,245,24255,1
0000220.jpg,263,267,349,440,86,173,14878,2
0000220.jpg,399,263,473,415,74,152,11248,3
0000219.jpg,265,121,358,409,93,288,26784,1
0000219.jpg,372,188,452,395,80,207,16560,2
0000219.jpg,521,210,601,379,80,169,13520,3
0000218.jpg,273,97,366,387,93,290,26970,1
0000218.jpg,380,171,463,379,83,208,17264,2
0000218.jpg,535,196,615,371,80,175,14000,3
0000217.jpg,409,0,542,377,133,377,50141,1
0000217.jpg,562,65,639,360,77,295,22715,2
0000216.jpg,373,93,421,206,48,113,5424,3
0000216.jpg,439,24,500,208,61,184,11224,1
0000216.jpg,546,66,598,198,52,132,6864,2
0000215.jpg,271,226,334,346,63,120,7560,3
0000215.jpg,339,142,415,343,76,201,15276,1
0000215.jpg,456,183,525,330,69,147,10143,2
0000214.jpg,201,169,258,292,57,123,7011,3
0000214.jpg,273,90,344,294,71,204,14484,1
0000214.jpg,388,143,451,290,63,147,9261,2
0000213.jpg,103,170,189,361,86,191,16426,3
0000213.jpg,215,62,311,368,96,306,29376,1
0000213.jpg,390,158,481,382,91,224,20384,2
0000212.jpg,116,172,199,361,83,189,15687,3
0000212.jpg,226,67,323,375,97,308,29876,1
0000212.jpg,396,164,491,385,95,221,20995,2
0000211.jpg,104,167,173,348,69,181,12489,3
0000211.jpg,193,80,284,369,91,289,26299,1
0000211.jpg,345,183,437,407,92,224,20608,2
0000210.jpg,105,168,179,344,74,176,13024,3
0000210.jpg,189,77,281,365,92,288,26496,1
0000210.jpg,350,173,432,388,82,215,17630,2
0000209.jpg,227,156,301,317,74,161,11914,3
0000209.jpg,307,71,393,333,86,262,22532,1
0000209.jpg,454,155,534,361,80,206,16480,2
0000208.jpg,213,151,284,314,71,163,11573,3
0000208.jpg,292,69,372,331,80,262,20960,1
0000208.jpg,439,160,518,360,79,200,15800,2
0000207.jpg,99,197,173,358,74,161,11914,3
0000207.jpg,176,117,262,376,86,259,22274,1
0000207.jpg,322,206,402,404,80,198,15840,2
0000206.jpg,114,258,169,380,55,122,6710,3
0000206.jpg,175,194,240,388,65,194,12610,1
0000206.jpg,283,255,339,399,56,144,8064,2
0000205.jpg,363,116,413,232,50,116,5800,3
0000205.jpg,438,47,499,234,61,187,11407,1
0000205.jpg,536,100,595,231,59,131,7729,2
0000204.jpg,357,106,409,218,52,112,5824,3
0000204.jpg,433,37,491,222,58,185,10730,1
0000204.jpg,528,91,587,220,59,129,7611,2
0000203.jpg,325,311,376,429,51,118,6018,3
0000203.jpg,402,249,462,434,60,185,11100,1
0000203.jpg,499,302,559,438,60,136,8160,2
0000202.jpg,262,142,322,288,60,146,8760,3
0000202.jpg,355,60,422,280,67,220,14740,1
0000202.jpg,471,115,537,275,66,160,10560,2
0000201.jpg,280,127,342,273,62,146,9052,3
0000201.jpg,373,40,438,269,65,229,14885,1
0000201.jpg,490,101,554,256,64,155,9920,2
0000200.jpg,156,167,256,372,100,205,20500,3
0000200.jpg,283,34,394,360,111,326,36186,1
0000200.jpg,467,109,562,342,95,233,22135,2
0000199.jpg,175,244,267,448,92,204,18768,3
0000199.jpg,299,118,405,431,106,313,33178,1
0000199.jpg,481,189,572,419,91,230,20930,2
0000198.jpg,161,113,278,354,117,241,28197,3
0000198.jpg,283,2,415,322,132,320,42240,1
0000198.jpg,447,39,556,297,109,258,28122,2
0000197.jpg,165,321,266,477,101,156,15756,3
0000197.jpg,295,180,419,478,124,298,36952,1
0000197.jpg,432,271,555,480,123,209,25707,2
0000196.jpg,1,265,32,480,31,215,6665,3
0000196.jpg,57,103,188,479,131,376,49256,1
0000196.jpg,221,201,334,463,113,262,29606,2
0000195.jpg,0,250,28,478,28,228,6384,3
0000195.jpg,40,81,182,464,142,383,54386,1
0000195.jpg,212,175,326,437,114,262,29868,2
0000194.jpg,377,232,480,476,103,244,25132,3
0000194.jpg,512,76,638,453,126,377,47502,1
0000193.jpg,158,191,281,447,123,256,31488,3
0000193.jpg,292,22,425,409,133,387,51471,1
0000193.jpg,449,109,565,377,116,268,31088,2
0000192.jpg,204,222,293,441,89,219,19491,3
0000192.jpg,321,86,430,416,109,330,35970,1
0000192.jpg,434,166,544,391,110,225,24750,2
0000191.jpg,140,218,240,451,100,233,23300,3
0000191.jpg,258,75,372,414,114,339,38646,1
0000191.jpg,391,154,494,387,103,233,23999,2
0000190.jpg,299,233,367,387,68,154,10472,3
0000190.jpg,382,144,462,373,80,229,18320,1
0000190.jpg,462,200,541,370,79,170,13430,2
0000189.jpg,402,294,452,405,50,111,5550,3
0000189.jpg,462,232,517,405,55,173,9515,1
0000189.jpg,537,279,588,405,51,126,6426,2
0000188.jpg,421,296,472,405,51,109,5559,3
0000188.jpg,478,234,534,406,56,172,9632,1
0000188.jpg,553,278,605,405,52,127,6604,2
0000187.jpg,379,187,438,321,59,134,7906,3
0000187.jpg,451,111,518,317,67,206,13802,1
0000187.jpg,544,165,601,316,57,151,8607,2
0000186.jpg,268,203,353,379,85,176,14960,3
0000186.jpg,349,99,457,377,108,278,30024,1
0000186.jpg,485,172,573,377,88,205,18040,2
0000185.jpg,482,35,565,222,83,187,15521,3
0000185.jpg,573,3,640,229,67,226,15142,1
0000184.jpg,268,218,358,394,90,176,15840,3
0000184.jpg,336,118,444,405,108,287,30996,1
0000184.jpg,444,198,534,413,90,215,19350,2
0000183.jpg,229,239,322,410,93,171,15903,3
0000183.jpg,292,132,407,418,115,286,32890,1
0000183.jpg,403,209,498,417,95,208,19760,2
0000182.jpg,299,225,355,358,56,133,7448,3
0000182.jpg,356,160,429,361,73,201,14673,1
0000182.jpg,432,212,488,365,56,153,8568,2
0000181.jpg,286,265,339,393,53,128,6784,3
0000181.jpg,342,199,410,402,68,203,13804,1
0000181.jpg,414,255,471,400,57,145,8265,2
0000180.jpg,178,218,222,322,44,104,4576,3
0000180.jpg,234,159,284,326,50,167,8350,1
0000180.jpg,288,205,334,325,46,120,5520,2
0000179.jpg,82,75,132,183,50,108,5400,3
0000179.jpg,131,13,191,185,60,172,10320,1
0000179.jpg,192,60,239,179,47,119,5593,2
0000178.jpg,97,89,149,195,52,106,5512,3
0000178.jpg,148,27,208,199,60,172,10320,1
0000178.jpg,208,70,256,191,48,121,5808,2
0000177.jpg,336,205,387,314,51,109,5559,3
0000177.jpg,382,144,447,313,65,169,10985,1
0000177.jpg,445,181,500,309,55,128,7040,2
0000176.jpg,272,214,335,342,63,128,8064,3
0000176.jpg,327,139,405,340,78,201,15678,1
0000176.jpg,400,184,468,335,68,151,10268,2
0000175.jpg,224,163,300,344,76,181,13756,3
0000175.jpg,320,66,410,351,90,285,25650,1
0000175.jpg,409,150,497,354,88,204,17952,2
0000174.jpg,214,177,287,356,73,179,13067,3
0000174.jpg,306,82,400,365,94,283,26602,1
0000174.jpg,399,162,488,367,89,205,18245,2
0000173.jpg,151,206,230,389,79,183,14457,3
0000173.jpg,339,185,419,390,80,205,16400,2
0000173.jpg,484,120,597,405,113,285,32205,1
0000172.jpg,66,217,156,401,90,184,16560,3
0000172.jpg,255,183,341,387,86,204,17544,2
0000172.jpg,415,104,511,392,96,288,27648,1
0000171.jpg,84,95,222,331,138,236,32568,3
0000171.jpg,212,60,337,299,125,239,29875,2
0000171.jpg,329,77,464,400,135,323,43605,1
0000170.jpg,22,103,155,344,133,241,32053,3
0000170.jpg,153,60,272,302,119,242,28798,2
0000170.jpg,261,73,411,392,150,319,47850,1
0000169.jpg,250,93,310,211,60,118,7080,3
0000169.jpg,310,75,371,193,61,118,7198,2
0000169.jpg,367,82,437,235,70,153,10710,1
0000168.jpg,233,123,292,239,59,116,6844,3
0000168.jpg,294,102,354,221,60,119,7140,2
0000168.jpg,350,107,422,260,72,153,11016,1
0000167.jpg,347,114,443,264,96,150,14400,3
0000167.jpg,404,81,507,233,103,152,15656,2
0000167.jpg,474,82,611,279,137,197,26989,1
0000166.jpg,341,98,438,248,97,150,14550,3
0000166.jpg,396,63,503,218,107,155,16585,2
0000166.jpg,474,65,607,262,133,197,26201,1
0000165.jpg,148,153,266,378,118,225,26550,3
0000165.jpg,264,110,371,336,107,226,24182,2
0000165.jpg,369,117,502,421,133,304,40432,1
0000164.jpg,64,159,183,381,119,222,26418,3
0000164.jpg,179,117,291,338,112,221,24752,2
0000164.jpg,283,119,411,420,128,301,38528,1
0000163.jpg,85,85,251,388,166,303,50298,3
0000163.jpg,241,38,393,336,152,298,45296,2
0000163.jpg,393,34,586,444,193,410,79130,1
0000162.jpg,80,129,234,378,154,249,38346,3
0000162.jpg,213,94,340,339,127,245,31115,2
0000162.jpg,341,102,493,431,152,329,50008,1
0000161.jpg,116,160,255,396,139,236,32804,3
0000161.jpg,241,129,362,362,121,233,28193,2
0000161.jpg,365,129,515,445,150,316,47400,1
0000160.jpg,227,232,323,376,96,144,13824,3
0000160.jpg,307,210,401,351,94,141,13254,2
0000160.jpg,375,215,474,395,99,180,17820,1
0000159.jpg,291,107,378,240,87,133,11571,3
0000159.jpg,362,81,451,217,89,136,12104,2
0000159.jpg,432,78,530,254,98,176,17248,1
0000158.jpg,175,179,303,310,128,131,16768,3
0000158.jpg,257,170,384,304,127,134,17018,2
0000158.jpg,294,186,453,360,159,174,27666,1
0000157.jpg,169,137,300,265,131,128,16768,3
0000157.jpg,250,126,380,257,130,131,17030,2
0000157.jpg,282,145,448,317,166,172,28552,1
0000156.jpg,373,85,450,174,77,89,6853,3
0000156.jpg,433,77,511,171,78,94,7332,2
0000156.jpg,477,86,565,201,88,115,10120,1
0000155.jpg,242,101,340,226,98,125,12250,3
0000155.jpg,307,91,404,221,97,130,12610,2
0000155.jpg,357,102,469,273,112,171,19152,1
0000154.jpg,254,116,352,247,98,131,12838,3
0000154.jpg,324,105,422,233,98,128,12544,2
0000154.jpg,372,118,489,290,117,172,20124,1
0000153.jpg,229,105,320,250,91,145,13195,3
0000153.jpg,302,86,393,235,91,149,13559,2
0000153.jpg,369,95,467,290,98,195,19110,1
0000152.jpg,96,245,180,412,84,167,14028,3
0000152.jpg,175,219,256,384,81,165,13365,2
0000152.jpg,255,217,348,441,93,224,20832,1
0000151.jpg,111,219,196,396,85,177,15045,3
0000151.jpg,192,192,276,367,84,175,14700,2
0000151.jpg,277,190,373,424,96,234,22464,1
0000150.jpg,93,151,212,334,119,183,21777,3
0000150.jpg,228,104,332,336,104,232,24128,1
0000150.jpg,418,152,520,344,102,192,19584,2
0000149.jpg,139,141,212,293,73,152,11096,3
0000149.jpg,233,99,320,287,87,188,16356,1
0000149.jpg,370,132,462,289,92,157,14444,2
0000148.jpg,307,92,391,204,84,112,9408,3
0000148.jpg,359,56,467,193,108,137,14796,1
0000148.jpg,468,73,567,184,99,111,10989,2
0000147.jpg,297,160,389,270,92,110,10120,3
0000147.jpg,345,118,464,249,119,131,15589,1
0000147.jpg,454,119,564,228,110,109,11990,2
0000146.jpg,291,90,350,217,59,127,7493,3
0000146.jpg,363,66,440,229,77,163,12551,1
0000146.jpg,474,121,553,253,79,132,10428,2
0000145.jpg,176,169,251,316,75,147,11025,3
0000145.jpg,271,130,368,314,97,184,17848,1
0000145.jpg,409,166,512,318,103,152,15656,2
0000144.jpg,174,184,242,316,68,132,8976,3
0000144.jpg,263,147,350,313,87,166,14442,1
0000144.jpg,390,179,484,318,94,139,13066,2
0000143.jpg,322,198,377,292,55,94,5170,3
0000143.jpg,394,171,455,289,61,118,7198,1
0000143.jpg,500,183,564,282,64,99,6336,2
0000142.jpg,249,173,333,333,84,160,13440,3
0000142.jpg,355,109,445,316,90,207,18630,1
0000142.jpg,507,132,613,305,106,173,18338,2
0000141.jpg,354,259,476,421,122,162,19764,3
0000141.jpg,471,227,592,429,121,202,24442,1
0000140.jpg,269,317,338,405,69,88,6072,3
0000140.jpg,363,301,450,408,87,107,9309,1
0000140.jpg,516,324,588,422,72,98,7056,2
0000139.jpg,292,318,361,402,69,84,5796,3
0000139.jpg,388,303,472,406,84,103,8652,1
0000139.jpg,533,328,609,421,76,93,7068,2
0000138.jpg,300,92,362,163,62,71,4402,3
0000138.jpg,389,78,467,164,78,86,6708,1
0000138.jpg,523,95,590,174,67,79,5293,2
0000137.jpg,297,43,358,115,61,72,4392,3
0000137.jpg,384,36,465,119,81,83,6723,1
0000137.jpg,515,50,590,131,75,81,6075,2
0000136.jpg,258,135,325,215,67,80,5360,3
0000136.jpg,358,107,444,204,86,97,8342,1
0000136.jpg,513,102,589,193,76,91,6916,2
0000135.jpg,232,109,299,193,67,84,5628,3
0000135.jpg,333,80,418,183,85,103,8755,1
0000135.jpg,487,83,563,178,76,95,7220,2
0000134.jpg,260,125,337,205,77,80,6160,3
0000134.jpg,354,108,461,211,107,103,11021,1
0000134.jpg,503,128,598,228,95,100,9500,2
0000133.jpg,254,126,337,212,83,86,7138,3
0000133.jpg,351,116,456,219,105,103,10815,1
0000133.jpg,502,131,594,231,92,100,9200,2
0000132.jpg,162,207,270,326,108,119,12852,3
0000132.jpg,290,188,425,334,135,146,19710,1
0000132.jpg,492,216,609,358,117,142,16614,2
0000131.jpg,135,181,244,302,109,121,13189,3
0000131.jpg,262,162,398,310,136,148,20128,1
0000131.jpg,464,198,582,337,118,139,16402,2
0000130.jpg,297,104,344,176,47,72,3384,3
0000130.jpg,389,82,444,171,55,89,4895,1
0000130.jpg,534,94,585,169,51,75,3825,2
0000129.jpg,293,120,337,189,44,69,3036,3
0000129.jpg,381,98,439,183,58,85,4930,1
0000129.jpg,526,107,574,179,48,72,3456,2
0000128.jpg,275,147,327,232,52,85,4420,3
0000128.jpg,383,116,448,223,65,107,6955,1
0000128.jpg,550,124,611,216,61,92,5612,2
0000127.jpg,224,153,277,240,53,87,4611,3
0000127.jpg,331,121,397,226,66,105,6930,1
0000127.jpg,497,126,557,217,60,91,5460,2
0000126.jpg,222,175,289,273,67,98,6566,3
0000126.jpg,335,137,410,254,75,117,8775,1
0000126.jpg,495,134,579,232,84,98,8232,2
0000125.jpg,193,177,263,280,70,103,7210,3
0000125.jpg,307,143,383,257,76,114,8664,1
0000125.jpg,466,135,551,234,85,99,8415,2
0000124.jpg,204,117,288,246,84,129,10836,3
0000124.jpg,332,73,416,230,84,157,13188,1
0000124.jpg,500,92,589,222,89,130,11570,2
0000123.jpg,114,170,248,355,134,185,24790,3
0000123.jpg,266,82,412,310,146,228,33288,1
0000123.jpg,481,89,619,265,138,176,24288,2
0000122.jpg,513,54,636,256,123,202,24846,3
0000121.jpg,77,238,244,401,167,163,27221,3
0000121.jpg,212,147,392,320,180,173,31140,1
0000121.jpg,417,108,581,237,164,129,21156,2
0000120.jpg,464,224,623,399,159,175,27825,3
0000120.jpg,616,149,638,231,22,82,1804,1
0000119.jpg,231,267,361,410,130,143,18590,3
0000119.jpg,357,198,499,359,142,161,22862,1
0000119.jpg,507,71,576,239,69,168,11592,2
0000118.jpg,549,265,638,427,89,162,14418,3
0000117.jpg,464,86,517,203,53,117,6201,3
0000117.jpg,555,7,613,199,58,192,11136,1
0000116.jpg,479,85,532,207,53,122,6466,3
0000116.jpg,570,6,630,196,60,190,11400,1
0000115.jpg,438,142,495,279,57,137,7809,3
0000115.jpg,541,57,609,267,68,210,14280,1
0000114.jpg,450,170,507,308,57,138,7866,3
0000114.jpg,556,84,618,297,62,213,13206,1
0000113.jpg,69,44,185,376,116,332,38512,1
0000113.jpg,219,127,320,336,101,209,21109,2
0000112.jpg,62,29,179,367,117,338,39546,1
0000112.jpg,214,115,316,333,102,218,22236,2
0000111.jpg,321,192,427,421,106,229,24274,3
0000111.jpg,475,63,608,406,133,343,45619,1
0000110.jpg,332,222,434,452,102,230,23460,3
0000110.jpg,488,84,614,430,126,346,43596,1
0000109.jpg,3,11,155,343,152,332,50464,3
0000109.jpg,265,-1,410,304,145,305,44225,1
0000109.jpg,491,2,637,258,146,256,37376,2
0000108.jpg,4,10,162,360,158,350,55300,3
0000108.jpg,273,2,445,324,172,322,55384,1
0000108.jpg,508,4,639,274,131,270,35370,2
0000107.jpg,70,178,187,447,117,269,31473,3
0000107.jpg,267,26,420,433,153,407,62271,1
0000107.jpg,463,135,608,402,145,267,38715,2
0000106.jpg,61,186,174,453,113,267,30171,3
0000106.jpg,260,37,397,436,137,399,54663,1
0000106.jpg,446,142,583,402,137,260,35620,2
0000105.jpg,192,154,271,345,79,191,15089,3
0000105.jpg,343,46,428,347,85,301,25585,1
0000105.jpg,505,131,601,344,96,213,20448,2
0000104.jpg,408,186,536,459,128,273,34944,3
0000103.jpg,229,107,272,209,43,102,4386,3
0000103.jpg,303,49,351,211,48,162,7776,1
0000103.jpg,385,97,434,208,49,111,5439,2
0000102.jpg,439,143,485,242,46,99,4554,3
0000102.jpg,514,85,569,257,55,172,9460,1
0000102.jpg,605,138,638,256,33,118,3894,2
0000101.jpg,353,111,399,219,46,108,4968,3
0000101.jpg,430,48,481,215,51,167,8517,1
0000101.jpg,514,89,565,204,51,115,5865,2
0000100.jpg,384,93,428,202,44,109,4796,3
0000100.jpg,461,30,512,199,51,169,8619,1
0000100.jpg,544,69,597,189,53,120,6360,2
0000099.jpg,498,306,545,407,47,101,4747,3
0000099.jpg,576,244,628,407,52,163,8476,1
0000098.jpg,218,184,265,293,47,109,5123,3
0000098.jpg,295,124,348,291,53,167,8851,1
0000098.jpg,374,163,424,277,50,114,5700,2
0000097.jpg,204,210,248,319,44,109,4796,3
0000097.jpg,282,141,338,313,56,172,9632,1
0000097.jpg,368,180,415,299,47,119,5593,2
0000096.jpg,163,196,224,341,61,145,8845,3
0000096.jpg,262,110,324,324,62,214,13268,1
0000096.jpg,362,153,419,302,57,149,8493,2
0000095.jpg,158,211,215,350,57,139,7923,3
0000095.jpg,255,127,318,340,63,213,13419,1
0000095.jpg,350,171,409,314,59,143,8437,2
0000094.jpg,253,194,328,384,75,190,14250,3
0000094.jpg,374,83,468,369,94,286,26884,1
0000094.jpg,492,147,579,337,87,190,16530,2
0000093.jpg,244,217,326,423,82,206,16892,3
0000093.jpg,373,91,467,393,94,302,28388,1
0000093.jpg,491,153,579,347,88,194,17072,2
0000092.jpg,192,249,291,477,99,228,22572,3
0000092.jpg,311,104,424,428,113,324,36612,1
0000092.jpg,414,166,502,369,88,203,17864,2
0000090.jpg,163,318,315,479,152,161,24472,3
0000090.jpg,399,87,578,477,179,390,69810,1
0000090.jpg,590,187,638,479,48,292,14016,2
0000089.jpg,99,163,196,385,97,222,21534,3
0000089.jpg,223,42,335,431,112,389,43568,1
0000089.jpg,419,167,548,465,129,298,38442,2
0000088.jpg,137,139,234,357,97,218,21146,3
0000088.jpg,258,20,371,404,113,384,43392,1
0000088.jpg,458,148,584,450,126,302,38052,2
0000087.jpg,119,131,214,344,95,213,20235,3
0000087.jpg,242,21,350,394,108,373,40284,1
0000087.jpg,432,142,557,431,125,289,36125,2
0000086.jpg,166,170,243,361,77,191,14707,3
0000086.jpg,272,77,373,407,101,330,33330,1
0000086.jpg,434,194,549,446,115,252,28980,2
0000085.jpg,148,151,224,340,76,189,14364,3
0000085.jpg,253,55,354,381,101,326,32926,1
0000085.jpg,416,175,525,421,109,246,26814,2
0000084.jpg,222,171,286,331,64,160,10240,3
0000084.jpg,321,92,399,357,78,265,20670,1
0000084.jpg,460,180,542,372,82,192,15744,2
0000083.jpg,334,222,385,347,51,125,6375,3
0000083.jpg,414,162,478,366,64,204,13056,1
0000083.jpg,523,226,592,377,69,151,10419,2
0000082.jpg,289,233,342,357,53,124,6572,3
0000082.jpg,364,172,432,379,68,207,14076,1
0000082.jpg,473,241,544,394,71,153,10863,2
0000081.jpg,401,295,444,393,43,98,4214,3
0000081.jpg,473,241,521,396,48,155,7440,1
0000081.jpg,558,285,609,399,51,114,5814,2
0000080.jpg,396,297,438,399,42,102,4284,3
0000080.jpg,466,249,511,404,45,155,6975,1
0000080.jpg,555,290,601,401,46,111,5106,2
0000079.jpg,382,259,426,360,44,101,4444,3
0000079.jpg,456,204,508,375,52,171,8892,1
0000079.jpg,548,261,601,382,53,121,6413,2
0000078.jpg,400,248,442,352,42,104,4368,3
0000078.jpg,471,197,524,363,53,166,8798,1
0000078.jpg,565,249,620,370,55,121,6655,2
0000077.jpg,370,309,408,409,38,100,3800,3
0000077.jpg,439,253,494,417,55,164,9020,1
0000077.jpg,527,301,577,419,50,118,5900,2
0000076.jpg,379,285,422,386,43,101,4343,3
0000076.jpg,454,231,506,396,52,165,8580,1
0000076.jpg,536,282,589,393,53,111,5883,2
0000075.jpg,375,124,416,225,41,101,4141,3
0000075.jpg,443,70,495,231,52,161,8372,1
0000075.jpg,526,117,579,231,53,114,6042,2
0000074.jpg,290,144,329,240,39,96,3744,3
0000074.jpg,362,92,409,248,47,156,7332,1
0000074.jpg,439,134,488,242,49,108,5292,2
0000073.jpg,221,119,266,219,45,100,4500,3
0000073.jpg,301,59,353,229,52,170,8840,1
0000073.jpg,387,111,434,226,47,115,5405,2
0000072.jpg,280,168,332,286,52,118,6136,3
0000072.jpg,370,100,429,294,59,194,11446,1
0000072.jpg,468,154,529,288,61,134,8174,2
0000071.jpg,297,185,345,304,48,119,5712,3
0000071.jpg,380,118,447,310,67,192,12864,1
0000071.jpg,484,172,545,308,61,136,8296,2
0000070.jpg,166,182,243,367,77,185,14245,3
0000070.jpg,302,77,388,371,86,294,25284,1
0000070.jpg,446,151,536,357,90,206,18540,2
0000069.jpg,151,209,227,391,76,182,13832,3
0000069.jpg,283,101,371,392,88,291,25608,1
0000069.jpg,430,179,518,381,88,202,17776,2
0000068.jpg,274,139,376,384,102,245,24990,3
0000068.jpg,442,6,589,412,147,406,59682,1
0000067.jpg,155,238,260,476,105,238,24990,3
0000067.jpg,338,76,455,471,117,395,46215,1
0000067.jpg,479,181,584,439,105,258,27090,2
0000066.jpg,130,212,242,480,112,268,30016,3
0000066.jpg,319,46,436,449,117,403,47151,1
0000066.jpg,458,156,568,411,110,255,28050,2
0000065.jpg,128,204,235,460,107,256,27392,3
0000065.jpg,301,49,409,413,108,364,39312,1
0000065.jpg,435,139,524,374,89,235,20915,2
0000064.jpg,189,217,272,412,83,195,16185,3
0000064.jpg,330,107,428,403,98,296,29008,1
0000064.jpg,446,190,541,388,95,198,18810,2
0000063.jpg,184,217,265,409,81,192,15552,3
0000063.jpg,324,110,418,399,94,289,27166,1
0000063.jpg,439,188,528,387,89,199,17711,2
0000062.jpg,114,180,178,328,64,148,9472,3
0000062.jpg,224,91,290,313,66,222,14652,1
0000062.jpg,316,147,374,298,58,151,8758,2
0000061.jpg,166,82,219,201,53,119,6307,3
0000061.jpg,253,5,311,190,58,185,10730,1
0000061.jpg,331,51,381,181,50,130,6500,2
0000060.jpg,167,97,220,216,53,119,6307,3
0000060.jpg,254,22,310,205,56,183,10248,1
0000060.jpg,331,68,381,194,50,126,6300,2
0000059.jpg,391,315,440,431,49,116,5684,3
0000059.jpg,472,251,527,422,55,171,9405,1
0000059.jpg,541,297,594,413,53,116,6148,2
0000058.jpg,377,229,427,342,50,113,5650,3
0000058.jpg,461,162,511,333,50,171,8550,1
0000058.jpg,529,206,579,321,50,115,5750,2
0000057.jpg,260,270,309,382,49,112,5488,3
0000057.jpg,340,205,390,370,50,165,8250,1
0000057.jpg,407,249,456,363,49,114,5586,2
0000056.jpg,265,302,315,413,50,111,5550,3
0000056.jpg,346,238,398,409,52,171,8892,1
0000056.jpg,413,282,461,398,48,116,5568,2
0000055.jpg,195,273,255,415,60,142,8520,3
0000055.jpg,293,195,364,408,71,213,15123,1
0000055.jpg,373,246,434,390,61,144,8784,2
0000054.jpg,215,273,282,411,67,138,9246,3
0000054.jpg,313,192,387,405,74,213,15762,1
0000054.jpg,390,249,456,391,66,142,9372,2
0000053.jpg,304,157,355,265,51,108,5508,3
0000053.jpg,385,87,443,261,58,174,10092,1
0000053.jpg,466,135,515,253,49,118,5782,2
0000052.jpg,306,186,351,293,45,107,4815,3
0000052.jpg,390,122,442,294,52,172,8944,1
0000052.jpg,470,166,520,290,50,124,6200,2
0000051.jpg,296,257,346,370,50,113,5650,3
0000051.jpg,388,196,443,375,55,179,9845,1
0000051.jpg,466,249,522,378,56,129,7224,2
0000050.jpg,309,256,357,371,48,115,5520,3
0000050.jpg,397,196,456,379,59,183,10797,1
0000050.jpg,480,252,540,383,60,131,7860,2
0000049.jpg,184,203,251,362,67,159,10653,3
0000049.jpg,305,109,381,361,76,252,19152,1
0000049.jpg,424,179,489,356,65,177,11505,2
0000048.jpg,182,133,249,292,67,159,10653,3
0000048.jpg,307,41,383,295,76,254,19304,1
0000048.jpg,421,113,492,294,71,181,12851,2
0000047.jpg,135,204,226,419,91,215,19565,3
0000047.jpg,303,87,405,431,102,344,35088,1
0000047.jpg,452,188,561,437,109,249,27141,2
0000046.jpg,146,211,234,427,88,216,19008,3
0000046.jpg,312,98,419,438,107,340,36380,1
0000046.jpg,461,203,570,445,109,242,26378,2
0000045.jpg,509,171,606,416,97,245,23765,3
0000044.jpg,90,163,182,374,92,211,19412,3
0000044.jpg,239,33,350,403,111,370,41070,1
0000044.jpg,407,147,517,435,110,288,31680,2
0000043.jpg,57,169,142,374,85,205,17425,3
0000043.jpg,203,49,307,407,104,358,37232,1
0000043.jpg,359,166,468,443,109,277,30193,2
0000042.jpg,162,168,243,352,81,184,14904,3
0000042.jpg,290,54,389,369,99,315,31185,1
0000042.jpg,436,148,536,391,100,243,24300,2
0000041.jpg,241,159,309,317,68,158,10744,3
0000041.jpg,358,65,442,341,84,276,23184,1
0000041.jpg,489,151,569,361,80,210,16800,2
0000040.jpg,236,151,292,278,56,127,7112,3
0000040.jpg,336,79,398,293,62,214,13268,1
0000040.jpg,437,148,500,308,63,160,10080,2
0000039.jpg,408,105,442,191,34,86,2924,3
0000039.jpg,477,53,520,198,43,145,6235,1
0000039.jpg,549,103,591,204,42,101,4242,2
0000038.jpg,411,101,447,188,36,87,3132,3
0000038.jpg,479,50,521,196,42,146,6132,1
0000038.jpg,549,97,593,201,44,104,4576,2
0000037.jpg,422,116,460,203,38,87,3306,3
0000037.jpg,491,64,536,213,45,149,6705,1
0000037.jpg,560,112,607,219,47,107,5029,2
0000036.jpg,434,292,473,379,39,87,3393,3
0000036.jpg,503,245,547,391,44,146,6424,1
0000036.jpg,571,291,615,400,44,109,4796,2
0000035.jpg,436,297,474,382,38,85,3230,3
0000035.jpg,504,251,551,394,47,143,6721,1
0000035.jpg,574,295,622,402,48,107,5136,2
0000034.jpg,335,227,377,326,42,99,4158,3
0000034.jpg,414,174,467,340,53,166,8798,1
0000034.jpg,497,230,547,345,50,115,5750,2
0000033.jpg,234,211,284,315,50,104,5200,3
0000033.jpg,322,143,377,314,55,171,9405,1
0000033.jpg,411,192,459,314,48,122,5856,2
0000032.jpg,263,254,307,354,44,100,4400,3
0000032.jpg,348,195,394,353,46,158,7268,1
0000032.jpg,429,241,475,354,46,113,5198,2
0000031.jpg,290,187,333,289,43,102,4386,3
0000031.jpg,370,125,415,285,45,160,7200,1
0000031.jpg,449,170,493,284,44,114,5016,2
0000030.jpg,321,203,360,301,39,98,3822,3
0000030.jpg,403,142,452,302,49,160,7840,1
0000030.jpg,485,188,530,303,45,115,5175,2
0000029.jpg,305,225,345,330,40,105,4200,3
0000029.jpg,389,169,436,333,47,164,7708,1
0000029.jpg,469,217,519,333,50,116,5800,2
0000028.jpg,278,205,326,316,48,111,5328,3
0000028.jpg,369,146,424,322,55,176,9680,1
0000028.jpg,456,199,511,327,55,128,7040,2
0000027.jpg,218,196,271,323,53,127,6731,3
0000027.jpg,320,131,383,329,63,198,12474,1
0000027.jpg,418,191,480,335,62,144,8928,2
0000026.jpg,198,188,266,346,68,158,10744,3
0000026.jpg,327,104,407,357,80,253,20240,1
0000026.jpg,451,184,534,365,83,181,15023,2
0000025.jpg,154,231,230,423,76,192,14592,3
0000025.jpg,303,129,392,425,89,296,26344,1
0000025.jpg,452,216,542,434,90,218,19620,2
0000024.jpg,110,165,189,356,79,191,15089,3
0000024.jpg,251,54,338,346,87,292,25404,1
0000024.jpg,383,141,469,347,86,206,17716,2
0000023.jpg,376,133,424,226,48,93,4464,3
0000023.jpg,439,72,491,224,52,152,7904,1
0000023.jpg,503,116,551,221,48,105,5040,2
0000022.jpg,355,123,394,215,39,92,3588,3
0000022.jpg,419,70,466,218,47,148,6956,1
0000022.jpg,483,113,525,223,42,110,4620,2
0000021.jpg,398,86,435,176,37,90,3330,3
0000021.jpg,459,32,504,182,45,150,6750,1
0000021.jpg,523,82,565,197,42,115,4830,2
0000020.jpg,362,129,402,228,40,99,3960,3
0000020.jpg,429,75,478,233,49,158,7742,1
0000020.jpg,494,130,543,243,49,113,5537,2
0000019.jpg,356,201,405,315,49,114,5586,3
0000019.jpg,439,143,490,328,51,185,9435,1
0000019.jpg,516,206,571,347,55,141,7755,2
0000018.jpg,347,123,398,239,51,116,5916,3
0000018.jpg,436,52,494,246,58,194,11252,1
0000018.jpg,521,110,576,255,55,145,7975,2
0000017.jpg,295,126,351,267,56,141,7896,3
0000017.jpg,395,44,462,272,67,228,15276,1
0000017.jpg,492,117,557,280,65,163,10595,2
0000016.jpg,206,168,270,331,64,163,10432,3
0000016.jpg,324,71,407,338,83,267,22161,1
0000016.jpg,446,154,528,349,82,195,15990,2
0000015.jpg,378,94,423,202,45,108,4860,3
0000015.jpg,459,30,506,196,47,166,7802,1
0000015.jpg,533,77,580,190,47,113,5311,2
0000014.jpg,372,104,415,209,43,105,4515,3
0000014.jpg,452,38,504,204,52,166,8632,1
0000014.jpg,528,85,577,204,49,119,5831,2
0000013.jpg,385,125,426,229,41,104,4264,3
0000013.jpg,465,56,515,227,50,171,8550,1
0000013.jpg,541,105,596,223,55,118,6490,2
0000012.jpg,307,141,362,277,55,136,7480,3
0000012.jpg,404,59,468,272,64,213,13632,1
0000012.jpg,495,120,559,264,64,144,9216,2
0000011.jpg,160,193,247,394,87,201,17487,3
0000011.jpg,304,72,396,372,92,300,27600,1
0000011.jpg,441,149,525,359,84,210,17640,2
0000010.jpg,146,197,236,397,90,200,18000,3
0000010.jpg,289,74,384,377,95,303,28785,1
0000010.jpg,431,151,513,366,82,215,17630,2
0000009.jpg,111,193,203,394,92,201,18492,3
0000009.jpg,257,74,354,400,97,326,31622,1
0000009.jpg,401,171,495,413,94,242,22748,2
0000008.jpg,126,180,203,363,77,183,14091,3
0000008.jpg,259,73,346,373,87,300,26100,1
0000008.jpg,390,166,474,388,84,222,18648,2
0000007.jpg,227,156,281,291,54,135,7290,3
0000007.jpg,323,78,390,300,67,222,14874,1
0000007.jpg,419,146,484,308,65,162,10530,2
0000006.jpg,262,143,319,259,57,116,6612,3
0000006.jpg,352,69,410,259,58,190,11020,1
0000006.jpg,432,123,488,258,56,135,7560,2
0000005.jpg,398,84,442,190,44,106,4664,3
0000005.jpg,476,27,529,196,53,169,8957,1
0000005.jpg,553,73,607,200,54,127,6858,2
0000004.jpg,354,182,400,295,46,113,5198,3
0000004.jpg,435,115,490,294,55,179,9845,1
0000004.jpg,514,168,570,297,56,129,7224,2
0000003.jpg,261,208,309,314,48,106,5088,3
0000003.jpg,343,149,393,315,50,166,8300,1
0000003.jpg,418,198,467,317,49,119,5831,2
0000002.jpg,233,235,282,354,49,119,5831,3
0000002.jpg,325,170,377,349,52,179,9308,1
0000002.jpg,404,223,462,352,58,129,7482,2
0000001.jpg,196,233,256,385,60,152,9120,3
0000001.jpg,306,147,376,384,70,237,16590,1
0000001.jpg,409,219,479,387,70,168,11760,2
0000000.jpg,354,301,431,470,77,169,13013,3
0000000.jpg,480,218,581,480,101,262,26462,1
0000000.jpg,603,319,638,478,35,159,5565,2
