frame,xmin,ymin,width,height,xmax,ymax,area,class_id
0001000.jpg,310,104,135,339,445,443,45765,1
0000999.jpg,194,96,160,382,354,478,61120,1
0000998.jpg,105,134,278,110,383,244,30580,1
0000997.jpg,157,89,336,105,493,194,35280,1
0000996.jpg,51,207,384,140,435,347,53760,1
0000995.jpg,183,156,353,127,536,283,44831,1
0000994.jpg,156,178,236,88,392,266,20768,2
0000993.jpg,207,119,242,94,449,213,22748,2
0000992.jpg,47,213,301,133,348,346,40033,2
0000991.jpg,135,126,275,139,410,265,38225,2
0000989.jpg,71,218,261,182,332,400,47502,3
0000988.jpg,444,95,105,229,549,324,24045,3
0000987.jpg,102,90,96,224,198,314,21504,3
0000986.jpg,269,173,122,279,391,452,34038,3
0000985.jpg,336,98,120,272,456,370,32640,3
0000984.jpg,141,93,125,316,266,409,39500,1
0000983.jpg,169,123,122,302,291,425,36844,1
0000982.jpg,442,90,123,340,565,430,41820,1
0000981.jpg,168,30,134,365,302,395,48910,1
0000980.jpg,219,101,142,375,361,476,53250,1
0000979.jpg,240,81,109,283,349,364,30847,2
0000979.jpg,134,161,101,190,235,351,19190,3
0000978.jpg,206,216,108,179,314,395,19332,3
0000978.jpg,319,120,112,293,431,413,32816,2
0000977.jpg,30,140,264,143,294,283,37752,2
0000976.jpg,86,238,314,126,400,364,39564,2
0000975.jpg,88,164,328,143,416,307,46904,2
0000974.jpg,225,119,173,268,398,387,46364,2
0000973.jpg,227,90,116,237,343,327,27492,2
0000972.jpg,212,107,149,324,361,431,48276,2
0000971.jpg,275,36,124,311,399,347,38564,2
0000970.jpg,314,63,137,315,451,378,43155,3
0000969.jpg,296,52,170,308,466,360,52360,3
0000968.jpg,118,164,130,247,248,411,32110,3
0000967.jpg,203,161,105,271,308,432,28455,3
0000966.jpg,276,19,117,253,393,272,29601,3
0000965.jpg,179,49,130,346,309,395,44980,1
0000964.jpg,223,51,110,343,333,394,37730,1
0000963.jpg,55,56,99,328,154,384,32472,1
0000962.jpg,207,75,91,299,298,374,27209,1
0000961.jpg,225,37,108,241,333,278,26028,3
0000961.jpg,3,178,56,129,59,307,7224,1
0000960.jpg,227,25,102,246,329,271,25092,3
0000960.jpg,4,183,49,120,53,303,5880,1
0000959.jpg,186,60,92,246,278,306,22632,3
0000958.jpg,187,203,127,236,314,439,29972,3
0000957.jpg,137,75,170,286,307,361,48620,3
0000956.jpg,170,69,121,321,291,390,38841,3
0000955.jpg,182,109,113,280,295,389,31640,3
0000954.jpg,157,118,146,358,303,476,52268,3
0000953.jpg,283,10,169,353,452,363,59657,2
0000952.jpg,176,19,204,378,380,397,77112,2
0000951.jpg,147,245,109,227,256,472,24743,1
0000950.jpg,101,70,136,402,237,472,54672,1
0000949.jpg,120,2,155,464,275,466,71920,1
0000948.jpg,235,2,152,449,387,451,68248,1
0000948.jpg,70,210,117,187,187,397,21879,3
0000948.jpg,3,305,42,134,45,439,5628,2
0000947.jpg,241,46,124,433,365,479,53692,1
0000947.jpg,114,249,100,183,214,432,18300,3
0000947.jpg,3,285,58,173,61,458,10034,2
0000946.jpg,18,192,105,176,123,368,18480,3
0000946.jpg,134,0,126,386,260,386,48636,1
0000945.jpg,129,146,127,318,256,464,40386,1
0000945.jpg,253,34,100,186,353,220,18600,3
0000945.jpg,121,53,101,173,222,226,17473,2
0000944.jpg,131,45,97,182,228,227,17654,2
0000944.jpg,256,39,97,187,353,226,18139,3
0000944.jpg,133,147,134,316,267,463,42344,1
0000943.jpg,5,168,98,304,103,472,29792,1
0000943.jpg,2,1,59,170,61,171,10030,2
0000943.jpg,70,0,105,163,175,163,17115,3
0000942.jpg,168,163,101,257,269,420,25957,1
0000942.jpg,183,4,72,184,255,188,13248,2
0000942.jpg,274,13,79,155,353,168,12245,3
0000941.jpg,92,118,109,239,201,357,26051,2
0000941.jpg,241,127,97,210,338,337,20370,3
0000941.jpg,57,400,124,78,181,478,9672,1
0000940.jpg,2,154,141,242,143,396,34122,2
0000940.jpg,151,170,139,199,290,369,27661,3
0000940.jpg,33,435,65,43,98,478,2795,1
0000939.jpg,146,201,142,275,288,476,39050,1
0000939.jpg,189,106,114,219,303,325,24966,2
0000939.jpg,334,83,124,187,458,270,23188,3
0000938.jpg,5,204,154,271,159,475,41734,1
0000938.jpg,35,99,131,221,166,320,28951,2
0000938.jpg,193,66,129,193,322,259,24897,3
0000937.jpg,181,134,147,345,328,479,50715,1
0000937.jpg,224,24,116,229,340,253,26564,2
0000937.jpg,392,17,118,221,510,238,26078,3
0000936.jpg,88,114,120,213,208,327,25560,2
0000936.jpg,265,101,119,197,384,298,23443,3
0000936.jpg,447,71,87,273,534,344,23751,1
0000935.jpg,134,133,99,199,233,332,19701,2
0000935.jpg,255,112,120,171,375,283,20520,3
0000935.jpg,452,88,82,247,534,335,20254,1
0000934.jpg,254,91,107,241,361,332,25787,2
0000934.jpg,403,79,129,206,532,285,26574,3
0000933.jpg,54,98,150,319,204,417,47850,2
0000933.jpg,287,95,120,260,407,355,31200,3
0000933.jpg,537,90,101,363,638,453,36663,1
0000932.jpg,33,118,134,316,167,434,42344,2
0000932.jpg,251,125,136,264,387,389,35904,3
0000932.jpg,514,100,123,364,637,464,44772,1
0000931.jpg,244,146,70,217,314,363,15190,1
0000931.jpg,71,171,100,164,171,335,16400,3
0000931.jpg,0,177,38,194,38,371,7372,2
0000930.jpg,239,41,69,217,308,258,14973,1
0000930.jpg,70,64,101,164,171,228,16564,3
0000930.jpg,1,67,43,189,44,256,8127,2
0000929.jpg,174,155,99,149,273,304,14751,3
0000929.jpg,275,109,85,167,360,276,14195,2
0000929.jpg,425,82,79,201,504,283,15879,1
0000928.jpg,124,150,89,144,213,294,12816,3
0000928.jpg,236,104,63,147,299,251,9261,2
0000928.jpg,352,68,88,196,440,264,17248,1
0000927.jpg,92,172,93,136,185,308,12648,3
0000927.jpg,201,121,83,150,284,271,12450,2
0000927.jpg,314,92,89,186,403,278,16554,1
0000926.jpg,166,179,102,168,268,347,17136,3
0000926.jpg,320,147,67,176,387,323,11792,2
0000926.jpg,449,129,76,223,525,352,16948,1
0000925.jpg,197,190,115,231,312,421,26565,3
0000925.jpg,351,145,84,207,435,352,17388,2
0000925.jpg,492,135,85,275,577,410,23375,1
0000924.jpg,277,175,85,207,362,382,17595,3
0000924.jpg,412,155,78,191,490,346,14898,2
0000924.jpg,526,70,91,269,617,339,24479,1
0000923.jpg,360,170,110,279,470,449,30690,3
0000923.jpg,545,155,93,257,638,412,23901,2
0000922.jpg,0,164,68,212,68,376,14416,2
0000922.jpg,105,75,99,281,204,356,27819,1
0000921.jpg,200,225,85,183,285,408,15555,3
0000921.jpg,311,182,84,197,395,379,16548,2
0000921.jpg,434,95,85,275,519,370,23375,1
0000920.jpg,327,179,79,193,406,372,15247,3
0000920.jpg,441,148,91,210,532,358,19110,2
0000920.jpg,576,68,63,289,639,357,18207,1
0000919.jpg,175,210,92,200,267,410,18400,3
0000919.jpg,290,161,87,206,377,367,17922,2
0000919.jpg,409,60,93,286,502,346,26598,1
0000918.jpg,46,279,85,199,131,478,16915,3
0000918.jpg,164,233,80,209,244,442,16720,2
0000918.jpg,282,147,83,275,365,422,22825,1
0000917.jpg,0,165,63,308,63,473,19404,3
0000917.jpg,121,115,150,323,271,438,48450,2
0000917.jpg,288,3,192,425,480,428,81600,1
0000916.jpg,99,329,141,148,240,477,20868,3
0000916.jpg,283,275,147,198,430,473,29106,2
0000916.jpg,462,148,177,332,639,480,58764,1
0000915.jpg,52,214,137,264,189,478,36168,3
0000915.jpg,231,159,142,319,373,478,45298,2
0000915.jpg,407,21,188,454,595,475,85352,1
0000914.jpg,3,187,63,292,66,479,18396,3
0000914.jpg,112,123,139,352,251,475,48928,2
0000914.jpg,309,2,170,449,479,451,76330,1
0000913.jpg,421,126,155,351,576,477,54405,3
0000912.jpg,253,143,152,329,405,472,50008,3
0000912.jpg,420,92,176,350,596,442,61600,2
0000911.jpg,235,102,149,336,384,438,50064,3
0000911.jpg,402,47,172,352,574,399,60544,2
0000911.jpg,581,58,58,322,639,380,18676,1
0000910.jpg,197,130,113,261,310,391,29493,3
0000910.jpg,341,70,109,280,450,350,30520,2
0000910.jpg,484,3,151,322,635,325,48622,1
0000909.jpg,321,181,111,271,432,452,30081,3
0000909.jpg,468,121,122,290,590,411,35380,2
0000908.jpg,3,55,162,362,165,417,58644,3
0000908.jpg,202,6,167,416,369,422,69472,2
0000908.jpg,456,4,180,443,636,447,79740,1
0000907.jpg,45,36,199,377,244,413,75023,3
0000907.jpg,286,2,187,425,473,427,79475,2
0000907.jpg,561,2,78,442,639,444,34476,1
0000906.jpg,398,57,189,422,587,479,79758,3
0000905.jpg,271,83,156,335,427,418,52260,3
0000905.jpg,484,35,154,403,638,438,62062,2
0000904.jpg,220,49,169,340,389,389,57460,3
0000904.jpg,431,3,165,392,596,395,64680,2
0000903.jpg,136,91,154,308,290,399,47432,3
0000903.jpg,315,45,168,360,483,405,60480,2
0000903.jpg,551,1,85,439,636,440,37315,1
0000902.jpg,125,159,111,236,236,395,26196,3
0000902.jpg,268,141,115,272,383,413,31280,2
0000902.jpg,434,41,150,409,584,450,61350,1
0000901.jpg,68,170,120,240,188,410,28800,3
0000901.jpg,212,149,124,275,336,424,34100,2
0000901.jpg,386,45,139,411,525,456,57129,1
0000900.jpg,37,148,149,271,186,419,40379,3
0000900.jpg,192,111,158,308,350,419,48664,2
0000900.jpg,397,0,151,449,548,449,67799,1
0000899.jpg,152,130,103,210,255,340,21630,3
0000899.jpg,272,102,112,242,384,344,27104,2
0000899.jpg,433,4,105,360,538,364,37800,1
0000898.jpg,240,110,64,156,304,266,9984,3
0000898.jpg,339,91,64,175,403,266,11200,2
0000898.jpg,435,27,93,246,528,273,22878,1
0000897.jpg,101,184,79,159,180,343,12561,3
0000897.jpg,197,154,78,172,275,326,13416,2
0000897.jpg,306,77,84,240,390,317,20160,1
0000896.jpg,270,198,77,168,347,366,12936,3
0000896.jpg,374,157,75,189,449,346,14175,2
0000896.jpg,482,72,85,258,567,330,21930,1
0000895.jpg,204,189,82,180,286,369,14760,3
0000895.jpg,314,152,79,194,393,346,15326,2
0000895.jpg,426,61,92,269,518,330,24748,1
0000894.jpg,201,156,103,182,304,338,18746,2
0000894.jpg,297,141,82,159,379,300,13038,3
0000894.jpg,387,30,93,243,480,273,22599,1
0000893.jpg,115,191,101,234,216,425,23634,2
0000893.jpg,191,159,78,195,269,354,15210,3
0000893.jpg,279,24,88,286,367,310,25168,1
0000892.jpg,281,212,116,263,397,475,30508,2
0000892.jpg,381,171,92,232,473,403,21344,3
0000892.jpg,483,11,134,341,617,352,45694,1
0000891.jpg,316,395,95,85,411,480,8075,2
0000891.jpg,385,360,73,120,458,480,8760,3
0000891.jpg,458,244,98,234,556,478,22932,1
0000890.jpg,85,305,66,134,151,439,8844,2
0000890.jpg,150,296,59,117,209,413,6903,3
0000890.jpg,210,217,70,172,280,389,12040,1
0000889.jpg,164,229,93,201,257,430,18693,2
0000889.jpg,266,214,73,176,339,390,12848,3
0000889.jpg,368,106,87,266,455,372,23142,1
0000888.jpg,161,234,105,216,266,450,22680,2
0000888.jpg,272,211,81,188,353,399,15228,3
0000888.jpg,383,91,87,284,470,375,24708,1
0000887.jpg,169,158,118,280,287,438,33040,1
0000887.jpg,289,199,100,196,389,395,19600,2
0000887.jpg,383,183,84,168,467,351,14112,3
0000886.jpg,251,68,143,347,394,415,49621,1
0000886.jpg,412,134,119,242,531,376,28798,2
0000886.jpg,553,120,85,223,638,343,18955,3
0000885.jpg,104,37,162,397,266,434,64314,1
0000885.jpg,286,118,128,282,414,400,36096,2
0000885.jpg,440,117,108,250,548,367,27000,3
0000884.jpg,59,109,103,246,162,355,25338,1
0000884.jpg,171,168,83,182,254,350,15106,2
0000884.jpg,273,177,76,163,349,340,12388,3
0000883.jpg,96,99,101,264,197,363,26664,1
0000883.jpg,212,174,86,193,298,367,16598,2
0000883.jpg,327,191,75,173,402,364,12975,3
0000882.jpg,238,31,102,267,340,298,27234,1
0000882.jpg,332,106,87,195,419,301,16965,2
0000882.jpg,453,127,77,181,530,308,13937,3
0000881.jpg,167,85,104,268,271,353,27872,1
0000881.jpg,262,158,89,196,351,354,17444,2
0000881.jpg,382,179,80,177,462,356,14160,3
0000880.jpg,132,89,121,292,253,381,35332,1
0000880.jpg,246,152,99,209,345,361,20691,2
0000880.jpg,374,158,83,179,457,337,14857,3
0000879.jpg,156,205,99,259,255,464,25641,1
0000879.jpg,255,259,76,183,331,442,13908,2
0000879.jpg,359,264,66,147,425,411,9702,3
0000878.jpg,303,65,99,320,402,385,31680,1
0000878.jpg,413,140,90,230,503,370,20700,2
0000878.jpg,530,151,88,177,618,328,15576,3
0000877.jpg,179,23,124,396,303,419,49104,1
0000877.jpg,297,103,101,266,398,369,26866,2
0000877.jpg,394,101,89,190,483,291,16910,3
0000876.jpg,176,63,123,403,299,466,49569,1
0000876.jpg,299,141,104,273,403,414,28392,2
0000876.jpg,401,142,97,194,498,336,18818,3
0000875.jpg,228,95,123,364,351,459,44772,1
0000875.jpg,361,167,103,252,464,419,25956,2
0000875.jpg,483,162,97,200,580,362,19400,3
0000874.jpg,149,69,151,361,300,430,54511,1
0000874.jpg,285,136,109,254,394,390,27686,2
0000874.jpg,417,127,88,195,505,322,17160,3
0000873.jpg,227,70,117,355,344,425,41535,1
0000873.jpg,347,140,98,248,445,388,24304,2
0000873.jpg,456,135,104,191,560,326,19864,3
0000872.jpg,278,181,96,252,374,433,24192,1
0000872.jpg,335,219,54,124,389,343,6696,2
0000872.jpg,375,206,64,132,439,338,8448,3
0000871.jpg,181,162,90,282,271,444,25380,1
0000871.jpg,259,199,46,159,305,358,7314,2
0000871.jpg,308,200,73,146,381,346,10658,3
0000870.jpg,357,183,87,253,444,436,22011,1
0000870.jpg,429,228,61,167,490,395,10187,2
0000870.jpg,514,231,67,136,581,367,9112,3
0000869.jpg,103,107,110,265,213,372,29150,1
0000869.jpg,190,156,87,183,277,339,15921,2
0000869.jpg,297,160,80,163,377,323,13040,3
0000868.jpg,144,116,126,308,270,424,38808,1
0000868.jpg,237,175,107,218,344,393,23326,2
0000868.jpg,371,185,94,190,465,375,17860,3
0000867.jpg,121,2,153,423,274,425,64719,1
0000867.jpg,280,58,136,344,416,402,46784,2
0000867.jpg,469,119,149,308,618,427,45892,3
0000866.jpg,83,121,126,297,209,418,37422,2
0000866.jpg,274,142,104,258,378,400,26832,3
0000865.jpg,128,88,126,298,254,386,37548,2
0000865.jpg,320,112,110,263,430,375,28930,3
0000864.jpg,202,79,143,315,345,394,45045,2
0000864.jpg,395,117,134,302,529,419,40468,3
0000863.jpg,236,100,151,316,387,416,47716,3
0000862.jpg,238,107,126,290,364,397,36540,3
0000861.jpg,185,149,104,220,289,369,22880,3
0000861.jpg,264,122,120,268,384,390,32160,2
0000861.jpg,358,17,142,403,500,420,57226,1
0000860.jpg,211,165,88,199,299,364,17512,3
0000860.jpg,282,148,109,234,391,382,25506,2
0000860.jpg,376,53,112,359,488,412,40208,1
0000859.jpg,153,205,49,99,202,304,4851,3
0000859.jpg,196,189,51,121,247,310,6171,2
0000859.jpg,242,143,58,172,300,315,9976,1
0000858.jpg,209,278,58,119,267,397,6902,3
0000858.jpg,254,261,65,139,319,400,9035,2
0000858.jpg,302,207,75,199,377,406,14925,1
0000857.jpg,158,241,61,138,219,379,8418,3
0000857.jpg,210,225,69,157,279,382,10833,2
0000857.jpg,275,167,77,227,352,394,17479,1
0000856.jpg,205,257,73,162,278,419,11826,3
0000856.jpg,264,241,84,186,348,427,15624,2
0000856.jpg,339,173,92,268,431,441,24656,1
0000855.jpg,148,173,112,242,260,415,27104,3
0000855.jpg,250,150,119,285,369,435,33915,2
0000855.jpg,377,31,129,430,506,461,55470,1
0000854.jpg,70,196,107,241,177,437,25787,3
0000854.jpg,169,175,114,274,283,449,31236,2
0000854.jpg,292,66,120,405,412,471,48600,1
0000853.jpg,286,181,93,216,379,397,20088,3
0000853.jpg,383,155,103,252,486,407,25956,2
0000853.jpg,497,48,115,379,612,427,43585,1
0000852.jpg,184,181,95,231,279,412,21945,3
0000852.jpg,292,161,103,257,395,418,26471,2
0000852.jpg,404,61,130,375,534,436,48750,1
0000851.jpg,233,182,116,262,349,444,30392,3
0000851.jpg,340,144,127,287,467,431,36449,2
0000851.jpg,483,6,142,423,625,429,60066,1
0000850.jpg,246,118,95,237,341,355,22515,3
0000850.jpg,349,85,102,265,451,350,27030,2
0000850.jpg,475,6,126,350,601,356,44100,1
0000849.jpg,247,172,127,260,374,432,33020,3
0000849.jpg,336,131,126,280,462,411,35280,2
0000849.jpg,433,22,135,364,568,386,49140,1
0000848.jpg,57,142,102,227,159,369,23154,3
0000848.jpg,152,105,94,244,246,349,22936,2
0000848.jpg,233,14,109,316,342,330,34444,1
0000847.jpg,0,150,48,226,48,376,10848,3
0000847.jpg,25,123,109,246,134,369,26814,2
0000847.jpg,100,48,136,310,236,358,42160,1
0000846.jpg,154,188,89,210,243,398,18690,3
0000846.jpg,243,159,94,234,337,393,21996,2
0000846.jpg,350,64,108,317,458,381,34236,1
0000845.jpg,377,161,100,204,477,365,20400,3
0000845.jpg,466,137,103,223,569,360,22969,2
0000845.jpg,546,61,92,303,638,364,27876,1
0000844.jpg,186,206,83,163,269,369,13529,3
0000844.jpg,252,184,77,178,329,362,13706,2
0000844.jpg,327,115,93,245,420,360,22785,1
0000843.jpg,178,195,77,176,255,371,13552,3
0000843.jpg,258,171,79,196,337,367,15484,2
0000843.jpg,351,100,89,271,440,371,24119,1
0000842.jpg,264,187,90,232,354,419,20880,3
0000842.jpg,343,166,117,269,460,435,31473,2
0000842.jpg,460,54,137,421,597,475,57677,1
0000841.jpg,218,226,82,208,300,434,17056,3
0000841.jpg,289,213,98,238,387,451,23324,2
0000841.jpg,394,121,111,355,505,476,39405,1
0000840.jpg,158,161,75,179,233,340,13425,3
0000840.jpg,217,141,96,209,313,350,20064,2
0000840.jpg,302,52,105,313,407,365,32865,1
0000839.jpg,417,196,55,145,472,341,7975,3
0000839.jpg,470,183,70,168,540,351,11760,2
0000839.jpg,550,124,76,246,626,370,18696,1
0000838.jpg,228,145,44,102,272,247,4488,3
0000838.jpg,266,132,52,115,318,247,5980,2
0000838.jpg,323,87,58,163,381,250,9454,1
0000837.jpg,298,223,49,116,347,339,5684,3
0000837.jpg,343,211,56,131,399,342,7336,2
0000837.jpg,411,162,60,189,471,351,11340,1
0000836.jpg,34,251,68,154,102,405,10472,3
0000836.jpg,93,232,76,176,169,408,13376,2
0000836.jpg,176,166,80,253,256,419,20240,1
0000835.jpg,116,165,83,187,199,352,15521,3
0000835.jpg,190,141,96,211,286,352,20256,2
0000835.jpg,298,52,98,311,396,363,30478,1
0000834.jpg,99,183,101,235,200,418,23735,3
0000834.jpg,205,148,104,270,309,418,28080,2
0000834.jpg,340,46,107,375,447,421,40125,1
0000833.jpg,165,199,86,215,251,414,18490,3
0000833.jpg,262,174,90,239,352,413,21510,2
0000833.jpg,382,76,101,348,483,424,35148,1
0000832.jpg,158,167,72,176,230,343,12672,3
0000832.jpg,236,146,76,198,312,344,15048,2
0000832.jpg,336,71,85,281,421,352,23885,1
0000831.jpg,189,222,40,96,229,318,3840,3
0000831.jpg,232,210,42,107,274,317,4494,2
0000831.jpg,284,168,44,147,328,315,6468,1
0000830.jpg,138,216,41,98,179,314,4018,3
0000830.jpg,177,204,46,108,223,312,4968,2
0000830.jpg,233,162,48,147,281,309,7056,1
0000829.jpg,199,234,43,98,242,332,4214,3
0000829.jpg,241,221,48,109,289,330,5232,2
0000829.jpg,296,180,48,148,344,328,7104,1
0000828.jpg,302,202,53,124,355,326,6572,3
0000828.jpg,351,185,62,136,413,321,8432,2
0000828.jpg,421,130,63,191,484,321,12033,1
0000827.jpg,182,312,62,159,244,471,9858,3
0000827.jpg,244,291,74,175,318,466,12950,2
0000827.jpg,330,220,79,252,409,472,19908,1
0000826.jpg,302,350,70,130,372,480,9100,3
0000826.jpg,375,335,77,145,452,480,11165,2
0000826.jpg,465,257,85,220,550,477,18700,1
0000825.jpg,43,1,124,231,167,232,28644,3
0000825.jpg,150,3,97,200,247,203,19400,2
0000825.jpg,241,4,100,170,341,174,17000,1
0000824.jpg,12,30,114,261,126,291,29754,3
0000824.jpg,111,3,108,261,219,264,28188,2
0000824.jpg,215,2,108,240,323,242,25920,1
0000823.jpg,52,231,126,249,178,480,31374,3
0000823.jpg,173,199,123,280,296,479,34440,2
0000823.jpg,292,89,142,383,434,472,54386,1
0000822.jpg,33,276,122,204,155,480,24888,3
0000822.jpg,157,235,120,244,277,479,29280,2
0000822.jpg,290,107,124,371,414,478,46004,1
0000821.jpg,142,271,125,204,267,475,25500,3
0000821.jpg,261,240,123,238,384,478,29274,2
0000821.jpg,387,120,130,356,517,476,46280,1
0000820.jpg,89,109,128,310,217,419,39680,3
0000820.jpg,224,82,126,315,350,397,39690,2
0000820.jpg,363,0,139,377,502,377,52403,1
0000819.jpg,28,43,140,283,168,326,39620,3
0000819.jpg,156,7,130,292,286,299,37960,2
0000819.jpg,287,2,118,263,405,265,31034,1
0000818.jpg,4,107,115,276,119,383,31740,3
0000818.jpg,126,83,152,309,278,392,46968,2
0000818.jpg,281,0,171,401,452,401,68571,1
0000817.jpg,131,119,128,305,259,424,39040,3
0000817.jpg,295,82,136,353,431,435,48008,2
0000817.jpg,468,4,168,435,636,439,73080,1
0000816.jpg,512,28,124,333,636,361,41292,3
0000815.jpg,354,127,115,280,469,407,32200,3
0000815.jpg,502,84,130,322,632,406,41860,2
0000814.jpg,343,91,112,287,455,378,32144,3
0000814.jpg,493,50,131,329,624,379,43099,2
0000813.jpg,368,96,107,270,475,366,28890,3
0000813.jpg,514,53,119,314,633,367,37366,2
0000812.jpg,393,141,94,230,487,371,21620,3
0000812.jpg,519,106,104,272,623,378,28288,2
0000811.jpg,246,164,82,203,328,367,16646,3
0000811.jpg,354,134,90,237,444,371,21330,2
0000811.jpg,469,27,108,345,577,372,37260,1
0000810.jpg,48,134,84,201,132,335,16884,3
0000810.jpg,160,110,85,228,245,338,19380,2
0000810.jpg,268,5,107,339,375,344,36273,1
0000809.jpg,225,146,81,197,306,343,15957,3
0000809.jpg,329,117,84,227,413,344,19068,2
0000809.jpg,444,20,99,323,543,343,31977,1
0000808.jpg,102,148,85,205,187,353,17425,3
0000808.jpg,206,125,91,222,297,347,20202,2
0000808.jpg,323,31,101,306,424,337,30906,1
0000807.jpg,178,165,70,170,248,335,11900,3
0000807.jpg,265,145,75,188,340,333,14100,2
0000807.jpg,360,67,91,260,451,327,23660,1
0000806.jpg,304,242,58,132,362,374,7656,3
0000806.jpg,370,219,60,150,430,369,9000,2
0000806.jpg,449,163,65,200,514,363,13000,1
0000805.jpg,258,229,65,145,323,374,9425,3
0000805.jpg,323,202,69,155,392,357,10695,2
0000805.jpg,405,129,65,217,470,346,14105,1
0000804.jpg,179,217,80,196,259,413,15680,3
0000804.jpg,260,185,82,204,342,389,16728,2
0000804.jpg,358,97,80,269,438,366,21520,1
0000803.jpg,110,190,93,210,203,400,19530,3
0000803.jpg,201,160,87,214,288,374,18618,2
0000803.jpg,299,63,91,283,390,346,25753,1
0000802.jpg,30,101,100,246,130,347,24600,3
0000802.jpg,130,86,108,238,238,324,25704,2
0000802.jpg,233,5,125,313,358,318,39125,1
0000801.jpg,100,175,103,230,203,405,23690,3
0000801.jpg,195,146,98,227,293,373,22246,2
0000801.jpg,296,59,106,307,402,366,32542,1
0000800.jpg,176,179,81,201,257,380,16281,3
0000800.jpg,271,150,80,205,351,355,16400,2
0000800.jpg,359,64,89,276,448,340,24564,1
0000799.jpg,156,196,79,205,235,401,16195,3
0000799.jpg,263,168,84,213,347,381,17892,2
0000799.jpg,356,82,97,290,453,372,28130,1
0000798.jpg,225,159,81,186,306,345,15066,3
0000798.jpg,326,126,82,203,408,329,16646,2
0000798.jpg,417,46,99,280,516,326,27720,1
0000797.jpg,134,156,92,218,226,374,20056,3
0000797.jpg,271,128,93,244,364,372,22692,2
0000797.jpg,368,25,115,359,483,384,41285,1
0000796.jpg,93,153,91,205,184,358,18655,3
0000796.jpg,223,118,93,237,316,355,22041,2
0000796.jpg,314,23,107,341,421,364,36487,1
0000795.jpg,203,153,75,177,278,330,13275,3
0000795.jpg,311,129,81,203,392,332,16443,2
0000795.jpg,384,35,96,302,480,337,28992,1
0000794.jpg,133,233,52,130,185,363,6760,3
0000794.jpg,203,215,63,142,266,357,8946,2
0000794.jpg,250,150,71,205,321,355,14555,1
0000793.jpg,146,169,58,119,204,288,6902,3
0000793.jpg,213,150,59,135,272,285,7965,2
0000793.jpg,258,94,63,190,321,284,11970,1
0000792.jpg,134,203,51,129,185,332,6579,3
0000792.jpg,212,181,60,154,272,335,9240,2
0000792.jpg,273,117,67,213,340,330,14271,1
0000791.jpg,257,201,52,135,309,336,7020,3
0000791.jpg,341,187,59,149,400,336,8791,2
0000791.jpg,397,127,71,213,468,340,15123,1
0000790.jpg,218,282,56,146,274,428,8176,3
0000790.jpg,298,257,62,159,360,416,9858,2
0000790.jpg,370,194,63,217,433,411,13671,1
0000789.jpg,174,316,61,154,235,470,9394,3
0000789.jpg,262,289,62,175,324,464,10850,2
0000789.jpg,340,224,65,233,405,457,15145,1
0000788.jpg,348,161,124,248,472,409,30752,3
0000788.jpg,488,145,141,269,629,414,37929,2
0000787.jpg,62,3,99,320,161,323,31680,1
0000787.jpg,183,126,79,197,262,323,15563,3
0000787.jpg,277,103,89,210,366,313,18690,2
0000786.jpg,178,73,87,300,265,373,26100,1
0000786.jpg,286,185,74,187,360,372,13838,3
0000786.jpg,376,164,81,201,457,365,16281,2
0000785.jpg,304,46,85,284,389,330,24140,1
0000785.jpg,407,153,77,175,484,328,13475,3
0000785.jpg,497,119,78,197,575,316,15366,2
0000784.jpg,177,75,85,276,262,351,23460,1
0000784.jpg,277,178,74,168,351,346,12432,3
0000784.jpg,362,148,75,184,437,332,13800,2
0000783.jpg,64,33,77,236,141,269,18172,1
0000783.jpg,150,121,65,140,215,261,9100,3
0000783.jpg,221,96,65,152,286,248,9880,2
0000782.jpg,33,77,76,232,109,309,17632,1
0000782.jpg,118,164,63,141,181,305,8883,3
0000782.jpg,192,142,63,153,255,295,9639,2
0000781.jpg,58,77,79,241,137,318,19039,1
0000781.jpg,147,164,61,150,208,314,9150,3
0000781.jpg,218,146,64,158,282,304,10112,2
0000780.jpg,30,337,38,132,68,469,5016,1
0000780.jpg,75,378,36,89,111,467,3204,3
0000780.jpg,117,365,37,93,154,458,3441,2
0000779.jpg,218,335,38,130,256,465,4940,1
0000779.jpg,263,378,37,84,300,462,3108,3
0000779.jpg,304,364,37,92,341,456,3404,2
0000778.jpg,306,336,39,131,345,467,5109,1
0000778.jpg,348,381,38,85,386,466,3230,3
0000778.jpg,389,370,40,87,429,457,3480,2
0000777.jpg,436,213,42,131,478,344,5502,1
0000777.jpg,482,258,39,81,521,339,3159,3
0000777.jpg,523,244,42,92,565,336,3864,2
0000776.jpg,234,227,41,126,275,353,5166,1
0000776.jpg,277,267,38,81,315,348,3078,3
0000776.jpg,315,257,39,85,354,342,3315,2
0000775.jpg,63,218,43,125,106,343,5375,1
0000775.jpg,111,259,37,80,148,339,2960,3
0000775.jpg,152,245,37,87,189,332,3219,2
0000774.jpg,61,16,42,127,103,143,5334,1
0000774.jpg,108,60,38,83,146,143,3154,3
0000774.jpg,150,53,37,87,187,140,3219,2
0000773.jpg,204,53,38,126,242,179,4788,1
0000773.jpg,248,99,32,81,280,180,2592,3
0000773.jpg,286,87,36,86,322,173,3096,2
0000772.jpg,401,36,38,128,439,164,4864,1
0000772.jpg,445,80,33,78,478,158,2574,3
0000772.jpg,484,64,36,88,520,152,3168,2
0000771.jpg,459,158,36,123,495,281,4428,1
0000771.jpg,503,200,33,80,536,280,2640,3
0000771.jpg,540,186,38,91,578,277,3458,2
0000770.jpg,474,210,40,129,514,339,5160,1
0000770.jpg,517,259,40,79,557,338,3160,3
0000770.jpg,557,246,41,87,598,333,3567,2
0000769.jpg,264,219,37,123,301,342,4551,1
0000769.jpg,306,263,35,77,341,340,2695,3
0000769.jpg,348,251,34,90,382,341,3060,2
0000768.jpg,174,146,42,140,216,286,5880,1
0000768.jpg,218,195,38,93,256,288,3534,3
0000768.jpg,264,189,39,93,303,282,3627,2
0000767.jpg,231,134,49,167,280,301,8183,1
0000767.jpg,287,195,44,105,331,300,4620,3
0000767.jpg,339,178,45,113,384,291,5085,2
0000766.jpg,197,129,63,214,260,343,13482,1
0000766.jpg,273,205,53,139,326,344,7367,3
0000766.jpg,339,192,59,149,398,341,8791,2
0000765.jpg,181,139,90,293,271,432,26370,1
0000765.jpg,280,245,81,190,361,435,15390,3
0000765.jpg,374,213,87,211,461,424,18357,2
0000764.jpg,160,81,93,315,253,396,29295,1
0000764.jpg,269,195,81,203,350,398,16443,3
0000764.jpg,370,167,88,225,458,392,19800,2
0000763.jpg,181,48,98,335,279,383,32830,1
0000763.jpg,299,174,81,217,380,391,17577,3
0000763.jpg,406,147,90,235,496,382,21150,2
0000762.jpg,84,65,123,376,207,441,46248,1
0000762.jpg,196,199,103,236,299,435,24308,3
0000762.jpg,335,143,119,278,454,421,33082,2
0000761.jpg,121,80,101,320,222,400,32320,1
0000761.jpg,210,196,85,209,295,405,17765,3
0000761.jpg,321,165,92,245,413,410,22540,2
0000760.jpg,244,97,84,275,328,372,23100,1
0000760.jpg,307,200,79,187,386,387,14773,3
0000760.jpg,400,179,90,221,490,400,19890,2
0000759.jpg,256,154,75,237,331,391,17775,1
0000759.jpg,323,236,69,157,392,393,10833,3
0000759.jpg,411,212,76,176,487,388,13376,2
0000758.jpg,249,133,62,216,311,349,13392,1
0000758.jpg,307,213,57,141,364,354,8037,3
0000758.jpg,388,195,67,156,455,351,10452,2
0000757.jpg,233,162,51,173,284,335,8823,1
0000757.jpg,281,225,49,112,330,337,5488,3
0000757.jpg,343,208,52,131,395,339,6812,2
0000756.jpg,213,212,41,136,254,348,5576,1
0000756.jpg,251,261,38,92,289,353,3496,3
0000756.jpg,304,249,40,101,344,350,4040,2
0000755.jpg,280,167,41,145,321,312,5945,1
0000755.jpg,321,218,33,92,354,310,3036,3
0000755.jpg,373,207,39,100,412,307,3900,2
0000754.jpg,233,170,38,125,271,295,4750,1
0000754.jpg,270,212,34,82,304,294,2788,3
0000754.jpg,319,200,33,86,352,286,2838,2
0000753.jpg,228,186,36,127,264,313,4572,1
0000753.jpg,264,229,36,79,300,308,2844,3
0000753.jpg,314,215,34,88,348,303,2992,2
0000752.jpg,199,189,40,140,239,329,5600,1
0000752.jpg,238,238,36,87,274,325,3132,3
0000752.jpg,292,223,39,95,331,318,3705,2
0000751.jpg,298,175,49,166,347,341,8134,1
0000751.jpg,348,231,42,110,390,341,4620,3
0000751.jpg,414,219,43,112,457,331,4816,2
0000750.jpg,252,204,64,232,316,436,14848,1
0000750.jpg,315,285,59,146,374,431,8614,3
0000750.jpg,406,265,62,155,468,420,9610,2
0000749.jpg,201,197,82,276,283,473,22632,1
0000749.jpg,282,300,68,175,350,475,11900,3
0000749.jpg,387,280,80,192,467,472,15360,2
0000748.jpg,232,222,65,154,297,376,10010,3
0000748.jpg,328,197,71,173,399,370,12283,2
0000748.jpg,413,129,71,252,484,381,17892,1
0000747.jpg,30,233,77,191,107,424,14707,3
0000747.jpg,151,210,80,204,231,414,16320,2
0000747.jpg,248,124,82,302,330,426,24764,1
0000746.jpg,4,177,84,206,88,383,17304,3
0000746.jpg,180,156,82,231,262,387,18942,2
0000746.jpg,319,72,102,328,421,400,33456,1
0000745.jpg,69,190,88,229,157,419,20152,2
0000745.jpg,211,100,98,325,309,425,31850,1
0000744.jpg,3,136,39,205,42,341,7995,3
0000744.jpg,128,126,90,226,218,352,20340,2
0000744.jpg,259,51,110,323,369,374,35530,1
0000743.jpg,4,349,96,129,100,478,12384,3
0000743.jpg,191,324,112,154,303,478,17248,2
0000743.jpg,375,211,120,267,495,478,32040,1
0000742.jpg,56,239,110,240,166,479,26400,3
0000742.jpg,266,231,121,249,387,480,30129,2
0000742.jpg,466,121,142,353,608,474,50126,1
0000741.jpg,358,143,80,212,438,355,16960,3
0000741.jpg,528,120,96,244,624,364,23424,2
0000740.jpg,49,200,85,212,134,412,18020,2
0000740.jpg,180,128,91,298,271,426,27118,1
0000739.jpg,71,165,94,210,165,375,19740,3
0000739.jpg,215,147,103,253,318,400,26059,2
0000739.jpg,372,45,112,389,484,434,43568,1
0000738.jpg,99,167,80,184,179,351,14720,3
0000738.jpg,224,150,92,214,316,364,19688,2
0000738.jpg,356,56,101,335,457,391,33835,1
0000737.jpg,190,262,47,105,237,367,4935,3
0000737.jpg,259,245,52,123,311,368,6396,2
0000737.jpg,326,195,63,180,389,375,11340,1
0000736.jpg,242,268,46,101,288,369,4646,3
0000736.jpg,310,248,56,125,366,373,7000,2
0000736.jpg,377,197,65,179,442,376,11635,1
0000735.jpg,134,183,58,120,192,303,6960,3
0000735.jpg,212,167,63,134,275,301,8442,2
0000735.jpg,290,104,72,206,362,310,14832,1
0000734.jpg,166,144,61,137,227,281,8357,3
0000734.jpg,265,129,67,159,332,288,10653,2
0000734.jpg,362,60,72,240,434,300,17280,1
0000733.jpg,157,218,63,140,220,358,8820,3
0000733.jpg,258,198,70,159,328,357,11130,2
0000733.jpg,354,129,84,239,438,368,20076,1
0000732.jpg,141,239,64,166,205,405,10624,3
0000732.jpg,274,220,72,185,346,405,13320,2
0000732.jpg,394,148,78,267,472,415,20826,1
0000731.jpg,66,258,97,216,163,474,20952,3
0000731.jpg,241,214,100,231,341,445,23100,2
0000731.jpg,378,111,97,313,475,424,30361,1
0000730.jpg,93,156,121,290,214,446,35090,2
0000730.jpg,252,35,112,395,364,430,44240,1
0000729.jpg,63,168,104,230,167,398,23920,3
0000729.jpg,247,127,100,235,347,362,23500,2
0000729.jpg,369,22,99,328,468,350,32472,1
0000728.jpg,193,223,81,191,274,414,15471,3
0000728.jpg,344,190,84,200,428,390,16800,2
0000728.jpg,449,102,86,285,535,387,24510,1
0000727.jpg,130,141,74,179,204,320,13246,3
0000727.jpg,269,123,77,185,346,308,14245,2
0000727.jpg,361,51,92,257,453,308,23644,1
0000726.jpg,300,231,59,139,359,370,8201,3
0000726.jpg,409,201,63,152,472,353,9576,2
0000726.jpg,492,138,66,214,558,352,14124,1
0000725.jpg,287,257,50,101,337,358,5050,3
0000725.jpg,374,234,50,112,424,346,5600,2
0000725.jpg,436,182,55,159,491,341,8745,1
0000724.jpg,189,234,38,83,227,317,3154,3
0000724.jpg,257,226,39,89,296,315,3471,2
0000724.jpg,309,192,40,126,349,318,5040,1
0000723.jpg,270,265,39,87,309,352,3393,3
0000723.jpg,341,252,40,95,381,347,3800,2
0000723.jpg,394,212,46,136,440,348,6256,1
0000722.jpg,211,277,44,109,255,386,4796,3
0000722.jpg,297,262,45,118,342,380,5310,2
0000722.jpg,366,216,53,173,419,389,9169,1
0000721.jpg,152,237,59,136,211,373,8024,3
0000721.jpg,256,215,73,148,329,363,10804,2
0000721.jpg,347,147,71,214,418,361,15194,1
0000720.jpg,52,148,182,115,234,263,20930,2
0000720.jpg,290,145,246,139,536,284,34194,1
0000720.jpg,311,111,150,68,461,179,10200,3
0000719.jpg,40,128,187,114,227,242,21318,2
0000719.jpg,284,122,241,142,525,264,34222,1
0000719.jpg,303,89,151,73,454,162,11023,3
0000718.jpg,70,221,183,120,253,341,21960,2
0000718.jpg,305,221,245,147,550,368,36015,1
0000718.jpg,326,187,153,70,479,257,10710,3
0000717.jpg,37,142,193,130,230,272,25090,2
0000717.jpg,282,142,244,155,526,297,37820,1
0000717.jpg,304,95,150,89,454,184,13350,3
0000716.jpg,36,137,201,109,237,246,21909,2
0000716.jpg,256,85,247,131,503,216,32357,1
0000716.jpg,262,29,144,75,406,104,10800,3
0000715.jpg,43,170,185,94,228,264,17390,2
0000715.jpg,246,119,231,113,477,232,26103,1
0000715.jpg,247,68,136,66,383,134,8976,3
0000714.jpg,68,237,154,70,222,307,10780,2
0000714.jpg,223,216,190,78,413,294,14820,1
0000714.jpg,219,190,111,30,330,220,3330,3
0000713.jpg,36,196,151,67,187,263,10117,2
0000713.jpg,188,164,186,80,374,244,14880,1
0000713.jpg,175,138,110,37,285,175,4070,3
0000712.jpg,132,296,142,54,274,350,7668,2
0000712.jpg,250,251,165,66,415,317,10890,1
0000712.jpg,226,218,104,41,330,259,4264,3
0000711.jpg,85,301,194,88,279,389,17072,2
0000711.jpg,254,229,229,98,483,327,22442,1
0000711.jpg,229,183,137,53,366,236,7261,3
0000710.jpg,146,217,197,81,343,298,15957,2
0000710.jpg,309,141,240,90,549,231,21600,1
0000710.jpg,280,91,140,56,420,147,7840,3
0000709.jpg,60,152,223,139,283,291,30997,2
0000709.jpg,275,160,303,111,578,271,33633,1
0000709.jpg,267,119,171,47,438,166,8037,3
0000708.jpg,215,232,248,126,463,358,31248,3
0000708.jpg,212,326,423,150,635,476,63450,1
0000708.jpg,3,312,219,168,222,480,36792,2
0000707.jpg,65,258,449,196,514,454,88004,1
0000707.jpg,74,176,252,100,326,276,25200,3
0000707.jpg,3,255,74,147,77,402,10878,2
0000706.jpg,85,131,208,100,293,231,20800,2
0000706.jpg,288,160,269,190,557,350,51110,1
0000706.jpg,311,99,167,109,478,208,18203,3
0000705.jpg,106,114,226,109,332,223,24634,2
0000705.jpg,331,143,296,201,627,344,59496,1
0000705.jpg,338,81,191,111,529,192,21201,3
0000704.jpg,112,229,210,138,322,367,28980,2
0000704.jpg,264,322,218,139,482,461,30302,3
0000704.jpg,312,214,279,163,591,377,45477,1
0000703.jpg,182,318,215,128,397,446,27520,3
0000703.jpg,231,212,270,148,501,360,39960,1
0000703.jpg,28,231,213,139,241,370,29607,2
0000702.jpg,192,153,226,135,418,288,30510,3
0000702.jpg,40,69,219,140,259,209,30660,2
0000702.jpg,254,56,280,145,534,201,40600,1
0000701.jpg,190,194,213,172,403,366,36636,3
0000701.jpg,72,96,216,108,288,204,23328,2
0000701.jpg,292,91,243,205,535,296,49815,1
0000700.jpg,217,273,181,112,398,385,20272,3
0000700.jpg,241,125,233,160,474,285,37280,1
0000700.jpg,79,156,175,150,254,306,26250,2
0000699.jpg,313,253,206,108,519,361,22248,3
0000699.jpg,248,112,277,91,525,203,25207,1
0000699.jpg,155,168,141,209,296,377,29469,2
0000698.jpg,185,195,118,185,303,380,21830,2
0000698.jpg,335,242,191,113,526,355,21583,3
0000698.jpg,255,137,257,84,512,221,21588,1
0000697.jpg,427,283,113,59,540,342,6667,3
0000697.jpg,407,262,115,53,522,315,6095,2
0000697.jpg,357,251,159,49,516,300,7791,1
0000696.jpg,452,300,109,57,561,357,6213,3
0000696.jpg,430,277,123,52,553,329,6396,2
0000696.jpg,382,266,153,47,535,313,7191,1
0000695.jpg,229,279,101,63,330,342,6363,3
0000695.jpg,206,255,112,63,318,318,7056,2
0000695.jpg,157,255,146,49,303,304,7154,1
0000694.jpg,271,291,131,90,402,381,11790,3
0000694.jpg,243,257,139,80,382,337,11120,2
0000694.jpg,187,255,173,58,360,313,10034,1
0000693.jpg,165,311,167,122,332,433,20374,3
0000693.jpg,133,268,189,108,322,376,20412,2
0000693.jpg,60,239,237,99,297,338,23463,1
0000692.jpg,151,328,217,114,368,442,24738,3
0000692.jpg,148,256,228,81,376,337,18468,2
0000692.jpg,93,180,295,95,388,275,28025,1
0000691.jpg,298,297,266,109,564,406,28994,3
0000691.jpg,305,201,275,106,580,307,29150,2
0000691.jpg,255,120,349,133,604,253,46417,1
0000690.jpg,35,297,110,182,145,479,20020,3
0000690.jpg,188,143,105,335,293,478,35175,1
0000690.jpg,320,288,120,189,440,477,22680,2
0000689.jpg,172,312,109,168,281,480,18312,3
0000689.jpg,311,152,119,326,430,478,38794,1
0000689.jpg,463,296,129,183,592,479,23607,2
0000688.jpg,181,291,86,185,267,476,15910,3
0000688.jpg,278,161,95,309,373,470,29355,1
0000688.jpg,405,275,98,204,503,479,19992,2
0000687.jpg,214,48,85,220,299,268,18700,3
0000687.jpg,261,0,87,218,348,218,18966,1
0000687.jpg,407,9,98,226,505,235,22148,2
0000686.jpg,248,2,88,179,336,181,15752,3
0000686.jpg,337,3,48,132,385,135,6336,1
0000686.jpg,442,2,97,140,539,142,13580,2
0000685.jpg,403,159,92,219,495,378,20148,3
0000685.jpg,445,17,87,305,532,322,26535,1
0000685.jpg,596,112,41,228,637,340,9348,2
0000684.jpg,196,232,111,244,307,476,27084,3
0000684.jpg,383,145,97,251,480,396,24347,2
0000684.jpg,202,56,107,185,309,241,19795,1
0000683.jpg,248,197,85,196,333,393,16660,3
0000683.jpg,252,68,81,129,333,197,10449,1
0000683.jpg,395,133,77,201,472,334,15477,2
0000682.jpg,283,250,56,128,339,378,7168,3
0000682.jpg,286,160,60,95,346,255,5700,1
0000682.jpg,382,214,52,136,434,350,7072,2
0000681.jpg,405,192,49,106,454,298,5194,3
0000681.jpg,415,119,50,76,465,195,3800,1
0000681.jpg,488,171,52,120,540,291,6240,2
0000680.jpg,182,196,45,97,227,293,4365,3
0000680.jpg,261,168,49,103,310,271,5047,2
0000680.jpg,191,135,50,138,241,273,6900,1
0000679.jpg,89,305,39,92,128,397,3588,3
0000679.jpg,134,248,43,140,177,388,6020,1
0000679.jpg,192,295,41,103,233,398,4223,2
0000678.jpg,17,354,38,91,55,445,3458,3
0000678.jpg,63,298,43,141,106,439,6063,1
0000678.jpg,119,344,38,104,157,448,3952,2
0000677.jpg,219,299,38,91,257,390,3458,3
0000677.jpg,261,245,48,147,309,392,7056,1
0000677.jpg,314,296,42,106,356,402,4452,2
0000676.jpg,194,238,37,91,231,329,3367,3
0000676.jpg,239,184,42,136,281,320,5712,1
0000676.jpg,292,233,39,103,331,336,4017,2
0000675.jpg,200,145,47,114,247,259,5358,3
0000675.jpg,257,71,54,173,311,244,9342,1
0000675.jpg,321,138,51,125,372,263,6375,2
0000674.jpg,177,224,46,114,223,338,5244,3
0000674.jpg,236,149,52,174,288,323,9048,1
0000674.jpg,301,214,50,133,351,347,6650,2
0000673.jpg,337,221,55,134,392,355,7370,3
0000673.jpg,399,130,58,203,457,333,11774,1
0000673.jpg,482,209,66,153,548,362,10098,2
0000672.jpg,256,219,65,150,321,369,9750,3
0000672.jpg,317,115,73,221,390,336,16133,1
0000672.jpg,420,195,66,171,486,366,11286,2
0000671.jpg,154,159,79,188,233,347,14852,3
0000671.jpg,246,27,86,280,332,307,24080,1
0000671.jpg,361,141,91,212,452,353,19292,2
0000670.jpg,48,85,79,256,127,341,20224,1
0000670.jpg,148,162,72,189,220,351,13608,2
0000670.jpg,256,194,70,171,326,365,11970,3
0000669.jpg,186,3,85,250,271,253,21250,1
0000669.jpg,295,67,83,204,378,271,16932,2
0000669.jpg,413,107,90,185,503,292,16650,3
0000668.jpg,152,165,103,290,255,455,29870,1
0000668.jpg,297,239,86,227,383,466,19522,2
0000668.jpg,425,269,97,197,522,466,19109,3
0000667.jpg,118,94,101,291,219,385,29391,1
0000667.jpg,254,169,93,214,347,383,19902,2
0000667.jpg,375,188,97,192,472,380,18624,3
0000666.jpg,152,114,111,316,263,430,35076,1
0000666.jpg,303,184,93,240,396,424,22320,2
0000666.jpg,429,203,104,212,533,415,22048,3
0000665.jpg,327,46,112,343,439,389,38416,1
0000665.jpg,498,135,106,245,604,380,25970,2
0000664.jpg,94,72,118,314,212,386,37052,1
0000664.jpg,257,147,92,223,349,370,20516,2
0000664.jpg,402,169,90,197,492,366,17730,3
0000663.jpg,113,122,111,297,224,419,32967,1
0000663.jpg,275,196,87,215,362,411,18705,2
0000663.jpg,413,219,88,194,501,413,17072,3
0000662.jpg,48,48,94,276,142,324,25944,1
0000662.jpg,187,133,86,197,273,330,16942,2
0000662.jpg,312,173,90,174,402,347,15660,3
0000661.jpg,157,103,94,245,251,348,23030,1
0000661.jpg,281,166,79,174,360,340,13746,2
0000661.jpg,398,179,69,162,467,341,11178,3
0000660.jpg,281,159,75,247,356,406,18525,1
0000660.jpg,393,222,75,177,468,399,13275,2
0000660.jpg,495,246,68,147,563,393,9996,3
0000659.jpg,237,108,139,370,376,478,51430,1
0000659.jpg,379,209,117,265,496,474,31005,2
0000659.jpg,475,222,116,217,591,439,25172,3
0000658.jpg,114,84,112,371,226,455,41552,1
0000658.jpg,235,172,99,227,334,399,22473,2
0000658.jpg,328,180,89,185,417,365,16465,3
0000657.jpg,197,40,108,368,305,408,39744,1
0000657.jpg,337,135,104,236,441,371,24544,2
0000657.jpg,456,153,98,197,554,350,19306,3
0000656.jpg,165,45,109,363,274,408,39567,1
0000656.jpg,309,133,98,238,407,371,23324,2
0000656.jpg,429,150,92,195,521,345,17940,3
0000655.jpg,325,3,83,288,408,291,23904,1
0000655.jpg,423,71,83,190,506,261,15770,2
0000655.jpg,518,84,69,158,587,242,10902,3
0000654.jpg,253,75,82,274,335,349,22468,1
0000654.jpg,353,139,71,188,424,327,13348,2
0000654.jpg,440,151,65,150,505,301,9750,3
0000653.jpg,394,132,51,173,445,305,8823,1
0000653.jpg,459,178,48,117,507,295,5616,2
0000653.jpg,521,185,46,102,567,287,4692,3
0000652.jpg,269,138,52,170,321,308,8840,1
0000652.jpg,332,182,50,112,382,294,5600,2
0000652.jpg,393,192,41,100,434,292,4100,3
0000651.jpg,369,184,42,138,411,322,5796,1
0000651.jpg,421,221,40,95,461,316,3800,2
0000651.jpg,478,230,37,82,515,312,3034,3
0000650.jpg,324,181,46,153,370,334,7038,1
0000650.jpg,386,221,46,105,432,326,4830,2
0000650.jpg,451,229,38,91,489,320,3458,3
0000649.jpg,220,123,60,197,280,320,11820,1
0000649.jpg,311,172,52,133,363,305,6916,2
0000649.jpg,392,185,47,115,439,300,5405,3
0000648.jpg,169,150,63,191,232,341,12033,1
0000648.jpg,260,200,56,139,316,339,7784,2
0000648.jpg,349,218,51,121,400,339,6171,3
0000647.jpg,167,136,78,258,245,394,20124,1
0000647.jpg,286,217,74,185,360,402,13690,2
0000647.jpg,403,249,74,165,477,414,12210,3
0000646.jpg,124,260,102,219,226,479,22338,1
0000646.jpg,271,327,96,150,367,477,14400,2
0000646.jpg,437,359,99,119,536,478,11781,3
0000645.jpg,374,127,92,328,466,455,30176,1
0000645.jpg,508,232,104,242,612,474,25168,2
0000644.jpg,374,92,93,321,467,413,29853,1
0000644.jpg,508,196,103,251,611,447,25853,2
0000643.jpg,136,57,96,321,232,378,30816,1
0000643.jpg,265,159,93,246,358,405,22878,2
0000643.jpg,410,202,100,231,510,433,23100,3
0000642.jpg,90,115,90,289,180,404,26010,1
0000642.jpg,199,216,91,220,290,436,20020,2
0000642.jpg,328,262,94,208,422,470,19552,3
0000641.jpg,177,130,96,253,273,383,24288,1
0000641.jpg,285,207,85,185,370,392,15725,2
0000641.jpg,407,227,80,176,487,403,14080,3
0000640.jpg,255,124,64,195,319,319,12480,1
0000640.jpg,335,186,54,145,389,331,7830,2
0000640.jpg,427,208,55,135,482,343,7425,3
0000639.jpg,325,69,56,190,381,259,10640,1
0000639.jpg,401,132,58,145,459,277,8410,2
0000639.jpg,487,163,61,134,548,297,8174,3
0000638.jpg,350,62,71,188,421,250,13348,1
0000638.jpg,431,116,60,138,491,254,8280,2
0000638.jpg,517,130,61,132,578,262,8052,3
0000637.jpg,167,165,43,140,210,305,6020,1
0000637.jpg,233,205,38,100,271,305,3800,2
0000637.jpg,297,221,38,85,335,306,3230,3
0000636.jpg,485,201,42,137,527,338,5754,1
0000636.jpg,547,245,40,99,587,344,3960,2
0000636.jpg,616,260,23,87,639,347,2001,3
0000635.jpg,243,307,41,135,284,442,5535,1
0000635.jpg,307,340,36,94,343,434,3384,2
0000635.jpg,365,352,36,79,401,431,2844,3
0000634.jpg,198,221,42,128,240,349,5376,1
0000634.jpg,260,256,36,91,296,347,3276,2
0000634.jpg,317,268,36,79,353,347,2844,3
0000633.jpg,252,107,39,128,291,235,4992,1
0000633.jpg,309,141,41,89,350,230,3649,2
0000633.jpg,371,150,33,77,404,227,2541,3
0000632.jpg,199,183,45,137,244,320,6165,1
0000632.jpg,265,220,39,99,304,319,3861,2
0000632.jpg,327,230,36,85,363,315,3060,3
0000631.jpg,105,127,53,168,158,295,8904,1
0000631.jpg,184,171,48,119,232,290,5712,2
0000631.jpg,265,186,41,101,306,287,4141,3
0000630.jpg,111,117,79,243,190,360,19197,1
0000630.jpg,226,190,70,179,296,369,12530,2
0000630.jpg,344,212,63,162,407,374,10206,3
0000629.jpg,238,68,100,344,338,412,34400,1
0000629.jpg,380,191,119,256,499,447,30464,2
0000629.jpg,548,239,92,238,640,477,21896,3
0000628.jpg,127,37,123,403,250,440,49569,1
0000628.jpg,296,174,118,300,414,474,35400,2
0000628.jpg,478,207,121,267,599,474,32307,3
0000627.jpg,79,22,133,403,212,425,53599,1
0000627.jpg,256,155,118,296,374,451,34928,2
0000627.jpg,444,185,114,269,558,454,30666,3
0000626.jpg,24,126,106,258,130,384,27348,2
0000626.jpg,192,159,93,224,285,383,20832,3
0000625.jpg,130,6,130,329,260,335,42770,1
0000625.jpg,279,82,118,273,397,355,32214,2
0000625.jpg,458,102,103,247,561,349,25441,3
0000624.jpg,123,7,124,355,247,362,44020,1
0000624.jpg,274,118,106,263,380,381,27878,2
0000624.jpg,449,140,93,237,542,377,22041,3
0000623.jpg,341,54,79,251,420,305,19829,1
0000623.jpg,453,133,73,188,526,321,13724,2
0000623.jpg,574,148,63,172,637,320,10836,3
0000622.jpg,363,175,48,160,411,335,7680,1
0000622.jpg,430,220,46,124,476,344,5704,2
0000622.jpg,505,236,42,104,547,340,4368,3
0000621.jpg,481,176,54,149,535,325,8046,1
0000621.jpg,547,217,45,107,592,324,4815,2
0000621.jpg,628,231,10,96,638,327,960,3
0000620.jpg,376,188,52,158,428,346,8216,1
0000620.jpg,442,234,47,115,489,349,5405,2
0000620.jpg,515,246,45,102,560,348,4590,3
0000619.jpg,383,46,52,169,435,215,8788,1
0000619.jpg,451,97,53,126,504,223,6678,2
0000619.jpg,534,107,49,116,583,223,5684,3
0000618.jpg,395,109,61,187,456,296,11407,1
0000618.jpg,472,163,56,139,528,302,7784,2
0000618.jpg,565,172,56,130,621,302,7280,3
0000617.jpg,304,94,80,237,384,331,18960,1
0000617.jpg,406,164,71,179,477,343,12709,2
0000617.jpg,522,178,64,162,586,340,10368,3
0000616.jpg,300,82,87,251,387,333,21837,1
0000616.jpg,408,155,79,186,487,341,14694,2
0000616.jpg,532,164,72,173,604,337,12456,3
0000615.jpg,110,58,119,315,229,373,37485,1
0000615.jpg,261,142,100,228,361,370,22800,2
0000615.jpg,402,149,84,196,486,345,16464,3
0000614.jpg,195,69,98,296,293,365,29008,1
0000614.jpg,331,147,90,217,421,364,19530,2
0000614.jpg,462,155,72,189,534,344,13608,3
0000613.jpg,180,100,93,293,273,393,27249,1
0000613.jpg,308,177,86,212,394,389,18232,2
0000613.jpg,432,183,74,179,506,362,13246,3
0000612.jpg,173,100,81,255,254,355,20655,1
0000612.jpg,291,164,71,185,362,349,13135,2
0000612.jpg,394,174,64,155,458,329,9920,3
0000611.jpg,161,79,64,220,225,299,14080,1
0000611.jpg,257,137,62,155,319,292,9610,1
0000611.jpg,339,145,53,129,392,274,6837,3
0000610.jpg,180,86,59,188,239,274,11092,1
0000610.jpg,264,130,53,132,317,262,6996,2
0000610.jpg,332,135,45,113,377,248,5085,3
0000609.jpg,142,227,49,149,191,376,7301,1
0000609.jpg,209,266,44,107,253,373,4708,2
0000609.jpg,261,273,36,85,297,358,3060,3
0000608.jpg,138,176,49,157,187,333,7693,1
0000608.jpg,206,221,48,110,254,331,5280,2
0000608.jpg,269,225,38,88,307,313,3344,3
0000607.jpg,250,125,48,142,298,267,6816,1
0000607.jpg,317,161,42,103,359,264,4326,2
0000607.jpg,378,167,40,87,418,254,3480,3
0000606.jpg,309,219,46,145,355,364,6670,1
0000606.jpg,373,258,45,108,418,366,4860,2
0000606.jpg,443,269,39,92,482,361,3588,3
0000605.jpg,172,248,63,171,235,419,10773,1
0000605.jpg,249,292,56,125,305,417,7000,2
0000605.jpg,328,291,51,114,379,405,5814,3
0000604.jpg,398,145,63,196,461,341,12348,1
0000604.jpg,488,202,58,149,546,351,8642,2
0000604.jpg,580,209,56,134,636,343,7504,3
0000603.jpg,270,244,65,209,335,453,13585,1
0000603.jpg,360,312,64,150,424,462,9600,2
0000603.jpg,457,328,55,138,512,466,7590,3
0000602.jpg,244,163,76,250,320,413,19000,1
0000602.jpg,355,225,72,181,427,406,13032,2
0000602.jpg,457,234,62,154,519,388,9548,3
0000601.jpg,380,164,86,246,466,410,21156,1
0000601.jpg,491,236,83,180,574,416,14940,2
0000601.jpg,594,254,46,151,640,405,6946,3
0000600.jpg,49,215,434,200,483,415,86800,2
0000600.jpg,517,269,120,161,637,430,19320,3
0000600.jpg,1,227,51,100,52,327,5100,1
0000599.jpg,4,150,170,148,174,298,25160,2
0000599.jpg,215,173,352,145,567,318,51040,3
0000598.jpg,46,230,248,94,294,324,23312,2
0000598.jpg,325,239,219,79,544,318,17301,3
0000598.jpg,2,251,40,68,42,319,2720,1
0000597.jpg,4,199,139,75,143,274,10425,1
0000597.jpg,149,194,161,66,310,260,10626,2
0000597.jpg,326,195,136,55,462,250,7480,3
0000596.jpg,205,188,230,72,435,260,16560,1
0000596.jpg,441,186,163,65,604,251,10595,2
0000595.jpg,312,177,205,67,517,244,13735,1
0000595.jpg,534,181,104,60,638,241,6240,2
0000594.jpg,40,183,212,69,252,252,14628,1
0000594.jpg,265,181,151,59,416,240,8909,2
0000594.jpg,431,188,135,53,566,241,7155,3
0000593.jpg,3,163,150,88,153,251,13200,1
0000593.jpg,172,161,189,77,361,238,14553,2
0000593.jpg,384,169,175,65,559,234,11375,3
0000592.jpg,2,223,113,112,115,335,12656,1
0000592.jpg,131,217,269,99,400,316,26631,2
0000592.jpg,403,226,235,96,638,322,22560,3
0000591.jpg,6,255,341,128,347,383,43648,1
0000591.jpg,373,259,265,106,638,365,28090,2
0000590.jpg,16,183,538,164,554,347,88232,1
0000590.jpg,557,195,81,148,638,343,11988,2
0000589.jpg,1,175,160,146,161,321,23360,2
0000589.jpg,175,177,333,132,508,309,43956,3
0000588.jpg,96,184,374,142,470,326,53108,2
0000588.jpg,476,191,162,137,638,328,22194,3
0000588.jpg,2,180,85,156,87,336,13260,1
0000587.jpg,3,213,51,98,54,311,4998,1
0000587.jpg,66,202,276,109,342,311,30084,2
0000587.jpg,349,211,245,101,594,312,24745,3
0000586.jpg,147,246,154,52,301,298,8008,1
0000586.jpg,306,247,101,40,407,287,4040,2
0000586.jpg,411,248,91,39,502,287,3549,3
0000585.jpg,94,299,202,61,296,360,12322,1
0000585.jpg,300,302,130,49,430,351,6370,2
0000585.jpg,431,303,114,49,545,352,5586,3
0000584.jpg,47,159,237,86,284,245,20382,1
0000584.jpg,286,151,161,63,447,214,10143,2
0000584.jpg,448,149,141,58,589,207,8178,3
0000583.jpg,95,214,243,71,338,285,17253,1
0000583.jpg,344,216,162,65,506,281,10530,2
0000583.jpg,509,220,129,61,638,281,7869,3
0000582.jpg,122,245,262,85,384,330,22270,1
0000582.jpg,391,259,181,74,572,333,13394,2
0000582.jpg,575,265,63,66,638,331,4158,3
0000581.jpg,269,243,246,77,515,320,18942,1
0000581.jpg,516,256,123,67,639,323,8241,2
0000580.jpg,77,118,188,59,265,177,11092,1
0000580.jpg,281,114,125,48,406,162,6000,2
0000580.jpg,411,116,110,43,521,159,4730,3
0000579.jpg,30,241,176,51,206,292,8976,1
0000579.jpg,221,240,121,48,342,288,5808,2
0000579.jpg,343,243,107,41,450,284,4387,3
0000578.jpg,65,363,222,66,287,429,14652,1
0000578.jpg,310,362,149,63,459,425,9387,2
0000578.jpg,467,368,141,59,608,427,8319,3
0000577.jpg,53,67,219,72,272,139,15768,1
0000577.jpg,297,57,149,65,446,122,9685,2
0000577.jpg,452,56,134,56,586,112,7504,3
0000576.jpg,36,78,227,72,263,150,16344,1
0000576.jpg,285,72,148,64,433,136,9472,2
0000576.jpg,442,72,136,58,578,130,7888,3
0000575.jpg,5,221,213,93,218,314,19809,1
0000575.jpg,242,211,164,73,406,284,11972,2
0000575.jpg,416,206,150,65,566,271,9750,3
0000574.jpg,55,165,294,88,349,253,25872,1
0000574.jpg,353,172,197,84,550,256,16548,2
0000574.jpg,552,187,86,70,638,257,6020,3
0000573.jpg,33,260,232,68,265,328,15776,1
0000573.jpg,262,268,143,62,405,330,8866,2
0000573.jpg,406,279,132,61,538,340,8052,3
0000572.jpg,5,409,188,64,193,473,12032,1
0000572.jpg,197,426,131,45,328,471,5895,2
0000572.jpg,332,431,123,46,455,477,5658,3
0000571.jpg,3,136,270,139,273,275,37530,1
0000571.jpg,276,157,286,119,562,276,34034,2
0000571.jpg,566,178,72,100,638,278,7200,3
0000570.jpg,55,294,436,175,491,469,76300,1
0000570.jpg,495,356,143,119,638,475,17017,2
0000569.jpg,1,147,59,140,60,287,8260,1
0000569.jpg,46,175,308,130,354,305,40040,2
0000569.jpg,366,194,270,128,636,322,34560,3
0000568.jpg,17,252,283,115,300,367,32545,2
0000568.jpg,309,263,247,106,556,369,26182,3
0000567.jpg,4,192,111,99,115,291,10989,1
0000567.jpg,116,192,244,94,360,286,22936,2
0000567.jpg,354,206,215,78,569,284,16770,3
0000566.jpg,13,220,266,83,279,303,22078,1
0000566.jpg,275,215,177,74,452,289,13098,2
0000566.jpg,454,224,161,65,615,289,10465,3
0000565.jpg,42,240,309,99,351,339,30591,1
0000565.jpg,354,264,207,79,561,343,16353,2
0000565.jpg,565,278,74,75,639,353,5550,3
0000564.jpg,3,227,262,87,265,314,22794,1
0000564.jpg,276,234,180,81,456,315,14580,2
0000564.jpg,453,245,169,71,622,316,11999,3
0000563.jpg,117,301,192,65,309,366,12480,1
0000563.jpg,310,303,135,57,445,360,7695,2
0000563.jpg,437,311,112,44,549,355,4928,3
0000562.jpg,157,174,182,60,339,234,10920,1
0000562.jpg,340,174,125,57,465,231,7125,2
0000562.jpg,466,189,107,42,573,231,4494,3
0000561.jpg,9,258,264,89,273,347,23496,1
0000561.jpg,289,258,171,81,460,339,13851,2
0000561.jpg,460,270,163,66,623,336,10758,3
0000560.jpg,164,198,252,93,416,291,23436,1
0000560.jpg,432,202,185,74,617,276,13690,2
0000559.jpg,35,269,255,95,290,364,24225,1
0000559.jpg,308,265,172,79,480,344,13588,2
0000559.jpg,542,266,97,62,639,328,6014,3
0000558.jpg,23,301,303,123,326,424,37269,1
0000558.jpg,416,193,85,204,501,397,17340,2
0000558.jpg,539,204,77,176,616,380,13552,3
0000557.jpg,170,309,302,107,472,416,32314,1
0000557.jpg,562,207,75,212,637,419,15900,2
0000556.jpg,247,288,315,108,562,396,34020,1
0000555.jpg,28,106,159,371,187,477,58989,1
0000555.jpg,314,203,92,247,406,450,22724,2
0000555.jpg,449,214,85,204,534,418,17340,3
0000554.jpg,71,32,160,419,231,451,67040,1
0000554.jpg,362,151,108,265,470,416,28620,2
0000554.jpg,504,172,96,214,600,386,20544,3
0000553.jpg,136,93,116,351,252,444,40716,1
0000553.jpg,366,205,111,230,477,435,25530,2
0000553.jpg,496,229,98,194,594,423,19012,3
0000551.jpg,114,86,99,244,213,330,24156,1
0000551.jpg,295,144,65,169,360,313,10985,2
0000551.jpg,390,156,61,145,451,301,8845,3
0000550.jpg,101,69,92,234,193,303,21528,1
0000550.jpg,277,137,66,158,343,295,10428,2
0000550.jpg,362,148,66,138,428,286,9108,3
0000549.jpg,216,231,60,146,276,377,8760,1
0000549.jpg,330,268,41,106,371,374,4346,2
0000549.jpg,384,276,41,92,425,368,3772,3
0000548.jpg,178,267,52,153,230,420,7956,1
0000548.jpg,287,308,43,110,330,418,4730,2
0000548.jpg,341,320,41,89,382,409,3649,3
0000547.jpg,309,222,57,142,366,364,8094,1
0000547.jpg,418,262,45,100,463,362,4500,2
0000547.jpg,472,269,41,90,513,359,3690,3
0000546.jpg,271,241,52,145,323,386,7540,1
0000546.jpg,376,289,45,98,421,387,4410,2
0000546.jpg,432,296,45,88,477,384,3960,3
0000545.jpg,198,80,57,147,255,227,8379,1
0000545.jpg,303,121,45,102,348,223,4590,2
0000545.jpg,358,132,41,89,399,221,3649,3
0000544.jpg,113,102,55,147,168,249,8085,1
0000544.jpg,216,145,44,103,260,248,4532,2
0000544.jpg,271,153,42,90,313,243,3780,3
0000543.jpg,70,203,59,157,129,360,9263,1
0000543.jpg,180,250,50,106,230,356,5300,2
0000543.jpg,242,258,46,94,288,352,4324,3
0000542.jpg,133,124,93,264,226,388,24552,1
0000542.jpg,317,205,81,180,398,385,14580,2
0000542.jpg,412,224,83,156,495,380,12948,3
0000541.jpg,454,112,81,280,535,392,22680,1
0000540.jpg,103,67,154,322,257,389,49588,1
0000540.jpg,314,157,133,276,447,433,36708,2
0000540.jpg,451,191,127,271,578,462,34417,3
0000539.jpg,145,32,158,314,303,346,49612,1
0000539.jpg,360,104,142,259,502,363,36778,2
0000539.jpg,497,123,132,260,629,383,34320,3
0000538.jpg,122,115,131,269,253,384,35239,1
0000538.jpg,317,176,112,216,429,392,24192,2
0000538.jpg,436,189,102,211,538,400,21522,3
0000537.jpg,167,96,124,271,291,367,33604,1
0000537.jpg,378,167,95,209,473,376,19855,2
0000537.jpg,495,187,90,199,585,386,17910,3
0000536.jpg,256,100,85,227,341,327,19295,1
0000536.jpg,422,179,72,171,494,350,12312,2
0000536.jpg,515,205,71,161,586,366,11431,3
0000535.jpg,252,114,69,154,321,268,10626,1
0000535.jpg,373,158,52,115,425,273,5980,2
0000535.jpg,439,169,47,106,486,275,4982,3
0000534.jpg,286,150,59,157,345,307,9263,1
0000534.jpg,406,199,44,117,450,316,5148,2
0000534.jpg,469,213,41,105,510,318,4305,3
0000533.jpg,145,103,76,171,221,274,12996,1
0000533.jpg,267,147,63,130,330,277,8190,2
0000533.jpg,341,156,56,123,397,279,6888,3
0000532.jpg,187,226,67,187,254,413,12529,1
0000532.jpg,313,288,53,136,366,424,7208,2
0000532.jpg,383,306,53,128,436,434,6784,3
0000531.jpg,117,169,89,227,206,396,20203,1
0000531.jpg,284,240,67,167,351,407,11189,2
0000531.jpg,374,258,64,157,438,415,10048,3
0000530.jpg,138,130,92,230,230,360,21160,1
0000530.jpg,303,193,75,174,378,367,13050,2
0000530.jpg,398,212,65,162,463,374,10530,3
0000529.jpg,165,13,152,395,317,408,60040,1
0000529.jpg,474,131,123,295,597,426,36285,2
0000528.jpg,333,38,156,429,489,467,66924,1
0000527.jpg,90,62,123,322,213,384,39606,1
0000527.jpg,343,166,93,230,436,396,21390,2
0000527.jpg,465,196,91,207,556,403,18837,3
0000526.jpg,166,4,168,359,334,363,60312,1
0000526.jpg,494,81,124,307,618,388,38068,2
0000525.jpg,145,27,153,398,298,425,60894,2
0000525.jpg,368,73,138,356,506,429,49128,3
0000524.jpg,114,50,149,380,263,430,56620,2
0000524.jpg,328,97,138,331,466,428,45678,3
0000523.jpg,88,134,103,253,191,387,26059,2
0000523.jpg,230,170,90,218,320,388,19620,3
0000522.jpg,100,36,108,348,208,384,37584,1
0000522.jpg,355,147,96,254,451,401,24384,2
0000522.jpg,494,187,91,222,585,409,20202,3
0000521.jpg,121,75,103,332,224,407,34196,1
0000521.jpg,355,178,96,234,451,412,22464,2
0000521.jpg,486,209,93,206,579,415,19158,3
0000520.jpg,88,78,92,320,180,398,29440,1
0000520.jpg,307,189,89,226,396,415,20114,2
0000520.jpg,429,224,82,197,511,421,16154,3
0000519.jpg,7,4,109,368,116,372,40112,1
0000519.jpg,240,124,111,292,351,416,32412,2
0000519.jpg,386,164,118,279,504,443,32922,3
0000518.jpg,112,11,99,323,211,334,31977,1
0000518.jpg,312,116,105,257,417,373,26985,2
0000518.jpg,450,146,101,248,551,394,25048,3
0000517.jpg,162,47,84,262,246,309,22008,1
0000517.jpg,327,137,84,202,411,339,16968,2
0000517.jpg,431,164,83,190,514,354,15770,3
0000516.jpg,104,45,75,246,179,291,18450,1
0000516.jpg,267,120,74,185,341,305,13690,2
0000516.jpg,369,140,72,173,441,313,12456,3
0000515.jpg,124,82,73,241,197,323,17593,1
0000515.jpg,291,163,73,174,364,337,12702,2
0000515.jpg,391,183,65,162,456,345,10530,3
0000514.jpg,95,86,81,264,176,350,21384,1
0000514.jpg,280,181,77,182,357,363,14014,2
0000514.jpg,382,212,72,162,454,374,11664,3
0000513.jpg,98,62,130,407,228,469,52910,1
0000513.jpg,347,178,101,258,448,436,26058,2
0000513.jpg,465,206,91,216,556,422,19656,3
0000512.jpg,116,22,128,386,244,408,49408,1
0000512.jpg,340,130,91,244,431,374,22204,2
0000512.jpg,441,160,80,198,521,358,15840,3
0000511.jpg,175,53,117,341,292,394,39897,1
0000511.jpg,373,144,83,212,456,356,17596,2
0000511.jpg,463,165,73,179,536,344,13067,3
0000510.jpg,268,189,85,263,353,452,22355,1
0000510.jpg,421,262,69,175,490,437,12075,2
0000510.jpg,500,276,58,149,558,425,8642,3
0000509.jpg,319,125,64,177,383,302,11328,1
0000509.jpg,421,177,50,116,471,293,5800,2
0000509.jpg,471,191,47,97,518,288,4559,3
0000508.jpg,309,116,58,161,367,277,9338,1
0000508.jpg,405,162,49,110,454,272,5390,2
0000508.jpg,458,176,42,92,500,268,3864,3
0000507.jpg,255,216,60,157,315,373,9420,1
0000507.jpg,363,258,49,112,412,370,5488,2
0000507.jpg,420,270,42,100,462,370,4200,3
0000506.jpg,268,176,55,157,323,333,8635,1
0000506.jpg,382,224,45,113,427,337,5085,2
0000506.jpg,441,240,42,99,483,339,4158,3
0000505.jpg,248,199,46,153,294,352,7038,1
0000505.jpg,355,247,42,108,397,355,4536,2
0000505.jpg,411,261,41,100,452,361,4100,3
0000504.jpg,221,166,48,153,269,319,7344,1
0000504.jpg,329,214,42,111,371,325,4662,2
0000504.jpg,387,226,40,97,427,323,3880,3
0000503.jpg,226,192,58,180,284,372,10440,1
0000503.jpg,350,253,52,124,402,377,6448,2
0000503.jpg,422,269,49,111,471,380,5439,3
0000502.jpg,219,183,77,218,296,401,16786,1
0000502.jpg,375,252,69,152,444,404,10488,2
0000502.jpg,463,268,61,138,524,406,8418,3
0000501.jpg,464,3,92,237,556,240,21804,1
0000500.jpg,415,141,40,91,455,232,3640,2
0000500.jpg,468,145,37,81,505,226,2997,3
0000500.jpg,499,96,43,124,542,220,5332,1
0000499.jpg,138,176,38,94,176,270,3572,2
0000499.jpg,193,181,35,84,228,265,2940,3
0000499.jpg,225,133,40,130,265,263,5200,1
0000498.jpg,378,289,52,113,430,402,5876,2
0000498.jpg,441,300,47,105,488,405,4935,3
0000498.jpg,485,240,51,158,536,398,8058,1
0000497.jpg,301,247,51,136,352,383,6936,2
0000497.jpg,374,258,47,120,421,378,5640,3
0000497.jpg,419,183,59,184,478,367,10856,1
0000496.jpg,279,261,98,217,377,478,21266,2
0000496.jpg,401,266,86,198,487,464,17028,3
0000496.jpg,477,141,93,293,570,434,27249,1
0000495.jpg,350,314,53,90,403,404,4770,3
0000495.jpg,387,232,58,183,445,415,10614,1
0000495.jpg,473,147,55,133,528,280,7315,2
0000494.jpg,242,269,65,146,307,415,9490,3
0000494.jpg,296,181,79,219,375,400,17301,1
0000494.jpg,418,96,75,154,493,250,11550,2
0000493.jpg,226,254,71,162,297,416,11502,3
0000493.jpg,291,159,82,242,373,401,19844,1
0000493.jpg,428,57,78,170,506,227,13260,2
0000492.jpg,178,207,70,216,248,423,15120,1
0000492.jpg,304,107,62,158,366,265,9796,2
0000492.jpg,424,130,63,131,487,261,8253,3
0000491.jpg,310,221,80,229,390,450,18320,1
0000491.jpg,445,122,78,167,523,289,13026,2
0000491.jpg,578,150,60,141,638,291,8460,3
0000490.jpg,156,201,40,128,196,329,5120,1
0000490.jpg,230,148,36,90,266,238,3240,2
0000490.jpg,299,158,34,81,333,239,2754,3
0000489.jpg,226,213,41,126,267,339,5166,1
0000489.jpg,304,164,35,89,339,253,3115,2
0000489.jpg,368,176,38,82,406,258,3116,3
0000488.jpg,361,125,45,140,406,265,6300,1
0000488.jpg,447,61,42,104,489,165,4368,2
0000488.jpg,522,72,44,95,566,167,4180,3
0000487.jpg,365,156,45,142,410,298,6390,1
0000487.jpg,450,96,40,100,490,196,4000,2
0000487.jpg,525,107,44,94,569,201,4136,3
0000486.jpg,283,178,62,211,345,389,13082,1
0000486.jpg,410,88,61,154,471,242,9394,2
0000486.jpg,524,111,63,139,587,250,8757,3
0000485.jpg,234,287,67,191,301,478,12797,1
0000485.jpg,368,193,60,158,428,351,9480,2
0000485.jpg,483,221,62,141,545,362,8742,3
0000484.jpg,228,40,58,129,286,169,7482,2
0000484.jpg,320,49,52,116,372,165,6032,3
0000484.jpg,135,120,63,181,198,301,11403,1
0000483.jpg,94,181,65,188,159,369,12220,1
0000483.jpg,196,103,56,132,252,235,7392,2
0000483.jpg,293,119,52,120,345,239,6240,3
0000482.jpg,230,305,68,172,298,477,11696,1
0000482.jpg,347,211,65,158,412,369,10270,2
0000482.jpg,463,233,60,141,523,374,8460,3
0000481.jpg,250,324,64,156,314,480,9984,1
0000481.jpg,366,234,59,150,425,384,8850,2
0000481.jpg,477,251,58,137,535,388,7946,3
0000480.jpg,498,133,59,189,557,322,11151,1
0000480.jpg,597,57,43,132,640,189,5676,2
0000479.jpg,477,154,58,187,535,341,10846,1
0000479.jpg,573,80,53,130,626,210,6890,2
0000478.jpg,128,162,63,188,191,350,11844,1
0000478.jpg,211,85,52,126,263,211,6552,2
0000478.jpg,303,97,46,110,349,207,5060,3
0000477.jpg,2,49,16,129,18,178,2064,2
0000477.jpg,64,64,44,108,108,172,4752,3
0000476.jpg,28,139,50,115,78,254,5750,3
0000475.jpg,44,208,69,150,113,358,10350,3
0000474.jpg,61,212,73,174,134,386,12702,2
0000474.jpg,197,235,65,152,262,387,9880,3
0000473.jpg,92,209,69,181,161,390,12489,2
0000473.jpg,228,233,64,153,292,386,9792,3
0000472.jpg,152,258,88,217,240,475,19096,2
0000472.jpg,308,293,92,186,400,479,17112,3
0000471.jpg,164,166,90,220,254,386,19800,2
0000471.jpg,324,200,90,197,414,397,17730,3
0000471.jpg,1,293,73,185,74,478,13505,1
0000470.jpg,2,285,47,192,49,477,9024,1
0000470.jpg,120,189,80,181,200,370,14480,2
0000470.jpg,236,215,72,161,308,376,11592,3
0000469.jpg,41,87,89,203,130,290,18067,2
0000469.jpg,168,122,79,174,247,296,13746,3
0000468.jpg,84,52,120,358,204,410,42960,1
0000468.jpg,260,0,95,152,355,152,14440,2
0000468.jpg,401,1,91,152,492,153,13832,3
0000467.jpg,195,68,117,376,312,444,43992,1
0000467.jpg,372,1,104,169,476,170,17576,2
0000467.jpg,518,1,94,165,612,166,15510,3
0000466.jpg,212,185,89,283,301,468,25187,1
0000466.jpg,342,68,77,186,419,254,14322,2
0000466.jpg,448,87,70,163,518,250,11410,3
0000465.jpg,185,148,103,301,288,449,31003,1
0000465.jpg,329,18,84,206,413,224,17304,2
0000465.jpg,446,40,71,176,517,216,12496,3
0000464.jpg,307,202,101,249,408,451,25149,2
0000464.jpg,450,229,89,215,539,444,19135,3
0000464.jpg,535,113,99,321,634,434,31779,1
0000463.jpg,230,189,88,213,318,402,18744,2
0000463.jpg,355,220,78,178,433,398,13884,3
0000463.jpg,434,117,81,271,515,388,21951,1
0000462.jpg,304,166,78,174,382,340,13572,2
0000462.jpg,404,192,72,154,476,346,11088,3
0000462.jpg,471,109,72,234,543,343,16848,1
0000461.jpg,308,249,59,130,367,379,7670,2
0000461.jpg,380,271,47,107,427,378,5029,3
0000461.jpg,420,207,54,165,474,372,8910,1
0000460.jpg,217,126,43,96,260,222,4128,2
0000460.jpg,270,137,41,82,311,219,3362,3
0000460.jpg,299,87,41,127,340,214,5207,1
0000459.jpg,258,106,40,99,298,205,3960,2
0000459.jpg,311,120,36,82,347,202,2952,3
0000459.jpg,339,71,41,124,380,195,5084,1
0000458.jpg,313,144,42,93,355,237,3906,2
0000458.jpg,369,158,38,75,407,233,2850,3
0000458.jpg,399,107,38,118,437,225,4484,1
0000457.jpg,125,175,38,95,163,270,3610,2
0000457.jpg,180,186,42,82,222,268,3444,3
0000457.jpg,217,133,40,129,257,262,5160,1
0000456.jpg,248,156,39,89,287,245,3471,2
0000456.jpg,304,168,35,76,339,244,2660,3
0000456.jpg,338,125,41,119,379,244,4879,1
0000455.jpg,278,184,38,88,316,272,3344,2
0000455.jpg,333,195,37,81,370,276,2997,3
0000455.jpg,376,150,38,126,414,276,4788,1
0000454.jpg,142,150,42,95,184,245,3990,2
0000454.jpg,203,163,36,89,239,252,3204,3
0000454.jpg,251,117,44,133,295,250,5852,1
0000453.jpg,199,119,44,105,243,224,4620,2
0000453.jpg,266,136,40,93,306,229,3720,3
0000453.jpg,317,86,47,146,364,232,6862,1
0000452.jpg,248,110,49,115,297,225,5635,2
0000452.jpg,323,124,42,104,365,228,4368,3
0000452.jpg,382,67,51,158,433,225,8058,1
0000451.jpg,256,74,50,123,306,197,6150,2
0000451.jpg,329,94,47,108,376,202,5076,3
0000451.jpg,390,31,55,175,445,206,9625,1
0000450.jpg,197,166,61,147,258,313,8967,2
0000450.jpg,283,184,62,129,345,313,7998,3
0000450.jpg,356,103,69,213,425,316,14697,1
0000449.jpg,105,203,87,221,192,424,19227,2
0000449.jpg,240,233,78,199,318,432,15522,3
0000449.jpg,343,126,97,310,440,436,30070,1
0000448.jpg,160,193,88,217,248,410,19096,2
0000448.jpg,277,222,76,196,353,418,14896,3
0000448.jpg,402,108,99,313,501,421,30987,1
0000447.jpg,177,125,81,211,258,336,17091,2
0000447.jpg,287,152,76,190,363,342,14440,3
0000447.jpg,409,40,88,307,497,347,27016,1
0000446.jpg,261,166,90,200,351,366,18000,2
0000446.jpg,366,200,80,179,446,379,14320,3
0000446.jpg,483,101,104,292,587,393,30368,1
0000445.jpg,216,151,90,211,306,362,18990,2
0000445.jpg,336,182,78,192,414,374,14976,3
0000445.jpg,462,67,98,314,560,381,30772,1
0000444.jpg,204,181,84,195,288,376,16380,2
0000444.jpg,315,209,75,180,390,389,13500,3
0000444.jpg,435,105,88,291,523,396,25608,1
0000443.jpg,124,166,71,167,195,333,11857,2
0000443.jpg,220,187,65,155,285,342,10075,3
0000443.jpg,322,99,77,246,399,345,18942,1
0000442.jpg,89,85,58,134,147,219,7772,2
0000442.jpg,161,106,54,118,215,224,6372,3
0000442.jpg,243,38,61,197,304,235,12017,1
0000441.jpg,236,123,55,126,291,249,6930,2
0000441.jpg,307,141,50,115,357,256,5750,3
0000441.jpg,387,72,57,193,444,265,11001,1
0000440.jpg,370,121,57,124,427,245,7068,2
0000440.jpg,442,133,53,117,495,250,6201,3
0000440.jpg,520,54,64,196,584,250,12544,1
0000439.jpg,357,170,49,107,406,277,5243,2
0000439.jpg,417,189,45,103,462,292,4635,3
0000439.jpg,487,133,51,169,538,302,8619,1
0000438.jpg,146,78,40,97,186,175,3880,2
0000438.jpg,200,94,36,88,236,182,3168,3
0000438.jpg,257,45,42,142,299,187,5964,1
0000437.jpg,127,123,39,94,166,217,3666,2
0000437.jpg,180,135,39,87,219,222,3393,3
0000437.jpg,237,84,45,137,282,221,6165,1
0000436.jpg,2,100,41,94,43,194,3854,2
0000436.jpg,56,118,37,86,93,204,3182,3
0000436.jpg,112,71,49,136,161,207,6664,1
0000435.jpg,314,202,39,90,353,292,3510,2
0000435.jpg,365,216,37,79,402,295,2923,3
0000435.jpg,422,172,40,123,462,295,4920,1
0000434.jpg,190,218,38,90,228,308,3420,2
0000434.jpg,241,231,33,81,274,312,2673,3
0000434.jpg,295,189,37,128,332,317,4736,1
0000433.jpg,409,264,38,87,447,351,3306,2
0000433.jpg,458,278,30,78,488,356,2340,3
0000433.jpg,507,238,39,117,546,355,4563,1
0000432.jpg,340,203,37,81,377,284,2997,2
0000432.jpg,388,217,33,75,421,292,2475,3
0000432.jpg,436,175,38,118,474,293,4484,1
0000431.jpg,298,261,41,100,339,361,4100,2
0000431.jpg,350,273,44,91,394,364,4004,3
0000431.jpg,412,220,41,144,453,364,5904,1
0000430.jpg,184,115,43,95,227,210,4085,2
0000430.jpg,239,128,39,89,278,217,3471,3
0000430.jpg,295,79,46,141,341,220,6486,1
0000429.jpg,124,143,54,116,178,259,6264,2
0000429.jpg,198,157,43,109,241,266,4687,3
0000429.jpg,266,98,52,169,318,267,8788,1
0000428.jpg,359,93,54,123,413,216,6642,2
0000428.jpg,420,101,51,112,471,213,5712,3
0000428.jpg,470,33,54,169,524,202,9126,1
0000427.jpg,287,196,59,130,346,326,7670,2
0000427.jpg,352,205,55,118,407,323,6490,3
0000427.jpg,402,131,58,180,460,311,10440,1
0000426.jpg,117,175,73,162,190,337,11826,2
0000426.jpg,198,187,66,138,264,325,9108,3
0000426.jpg,265,104,63,209,328,313,13167,1
0000425.jpg,238,158,62,162,300,320,10044,2
0000425.jpg,315,173,55,139,370,312,7645,3
0000425.jpg,373,95,61,213,434,308,12993,1
0000424.jpg,152,164,69,177,221,341,12213,2
0000424.jpg,241,182,64,154,305,336,9856,3
0000424.jpg,314,96,64,231,378,327,14784,1
0000423.jpg,168,197,115,275,283,472,31625,2
0000423.jpg,309,217,103,236,412,453,24308,3
0000423.jpg,422,81,107,339,529,420,36273,1
0000422.jpg,169,178,102,267,271,445,27234,2
0000422.jpg,309,206,88,226,397,432,19888,3
0000422.jpg,414,84,103,330,517,414,33990,1
0000421.jpg,257,200,96,222,353,422,21312,2
0000421.jpg,367,217,87,187,454,404,16269,3
0000421.jpg,458,103,90,279,548,382,25110,1
0000420.jpg,138,158,99,233,237,391,23067,2
0000420.jpg,255,175,89,195,344,370,17355,3
0000420.jpg,348,61,82,292,430,353,23944,1
0000419.jpg,174,151,85,203,259,354,17255,2
0000419.jpg,274,171,71,171,345,342,12141,3
0000419.jpg,344,73,75,254,419,327,19050,1
0000418.jpg,94,178,86,178,180,356,15308,2
0000418.jpg,188,185,66,151,254,336,9966,3
0000418.jpg,244,97,73,219,317,316,15987,1
0000417.jpg,112,159,81,174,193,333,14094,2
0000417.jpg,203,172,70,147,273,319,10290,3
0000417.jpg,261,80,74,219,335,299,16206,1
0000416.jpg,92,101,62,132,154,233,8184,2
0000416.jpg,165,113,55,115,220,228,6325,3
0000416.jpg,219,45,52,176,271,221,9152,1
0000415.jpg,318,145,52,128,370,273,6656,2
0000415.jpg,382,159,46,108,428,267,4968,3
0000415.jpg,433,94,50,174,483,268,8700,1
0000414.jpg,207,158,54,130,261,288,7020,2
0000414.jpg,274,169,46,122,320,291,5612,3
0000414.jpg,326,106,60,172,386,278,10320,1
0000413.jpg,343,99,63,154,406,253,9702,2
0000413.jpg,421,115,57,132,478,247,7524,3
0000413.jpg,486,36,61,200,547,236,12200,1
0000412.jpg,319,165,70,165,389,330,11550,2
0000412.jpg,407,178,60,144,467,322,8640,3
0000412.jpg,474,94,71,219,545,313,15549,1
0000411.jpg,184,195,82,208,266,403,17056,2
0000411.jpg,298,217,73,178,371,395,12994,3
0000411.jpg,392,113,87,278,479,391,24186,1
0000410.jpg,177,215,79,191,256,406,15089,2
0000410.jpg,287,242,73,174,360,416,12702,3
0000410.jpg,388,141,90,283,478,424,25470,1
0000409.jpg,275,167,66,162,341,329,10692,2
0000409.jpg,366,184,63,147,429,331,9261,3
0000409.jpg,451,99,71,229,522,328,16259,1
0000408.jpg,305,255,53,120,358,375,6360,2
0000408.jpg,376,269,49,111,425,380,5439,3
0000408.jpg,442,209,61,183,503,392,11163,1
0000407.jpg,235,194,54,116,289,310,6264,2
0000407.jpg,304,202,48,107,352,309,5136,3
0000407.jpg,366,136,52,165,418,301,8580,1
0000406.jpg,334,219,46,119,380,338,5474,2
0000406.jpg,401,229,44,110,445,339,4840,3
0000406.jpg,464,171,48,167,512,338,8016,1
0000405.jpg,325,208,52,121,377,329,6292,2
0000405.jpg,394,221,41,97,435,318,3977,3
0000405.jpg,452,152,48,168,500,320,8064,1
0000404.jpg,240,238,52,119,292,357,6188,2
0000404.jpg,309,247,48,107,357,354,5136,3
0000404.jpg,365,181,51,168,416,349,8568,1
0000403.jpg,302,198,50,128,352,326,6400,2
0000403.jpg,374,210,48,115,422,325,5520,3
0000403.jpg,434,143,59,179,493,322,10561,1
0000402.jpg,288,226,62,152,350,378,9424,2
0000402.jpg,376,245,55,138,431,383,7590,3
0000402.jpg,452,165,65,216,517,381,14040,1
0000401.jpg,473,173,74,175,547,348,12950,2
0000401.jpg,581,199,57,160,638,359,9120,3
0000400.jpg,332,85,55,141,387,226,7755,1
0000400.jpg,393,132,48,101,441,233,4848,2
0000399.jpg,282,116,43,87,325,203,3741,3
0000399.jpg,342,69,47,137,389,206,6439,1
0000399.jpg,400,110,40,96,440,206,3840,2
0000398.jpg,12,256,49,88,61,344,4312,3
0000398.jpg,71,213,57,136,128,349,7752,1
0000398.jpg,128,257,48,96,176,353,4608,2
0000397.jpg,305,162,47,92,352,254,4324,3
0000397.jpg,369,111,54,147,423,258,7938,1
0000397.jpg,434,157,42,102,476,259,4284,2
0000396.jpg,132,160,66,135,198,295,8910,3
0000396.jpg,225,85,70,214,295,299,14980,1
0000396.jpg,314,145,63,155,377,300,9765,2
0000395.jpg,157,178,79,165,236,343,13035,3
0000395.jpg,261,94,90,257,351,351,23130,1
0000395.jpg,368,178,80,180,448,358,14400,2
0000394.jpg,21,185,75,166,96,351,12450,3
0000394.jpg,126,104,93,257,219,361,23901,1
0000394.jpg,232,186,80,178,312,364,14240,2
0000393.jpg,546,159,88,201,634,360,17688,3
0000392.jpg,235,115,107,254,342,369,27178,1
0000391.jpg,271,129,106,253,377,382,26818,1
0000390.jpg,296,110,87,294,383,404,25578,1
0000390.jpg,410,211,92,223,502,434,20516,2
0000390.jpg,545,252,91,208,636,460,18928,3
0000389.jpg,442,64,103,309,545,373,31827,1
0000389.jpg,571,162,66,238,637,400,15708,2
0000388.jpg,234,76,114,301,348,377,34314,1
0000388.jpg,358,169,95,227,453,396,21565,2
0000388.jpg,483,210,99,211,582,421,20889,3
0000387.jpg,385,3,73,214,458,217,15622,1
0000387.jpg,466,58,70,164,536,222,11480,2
0000387.jpg,565,74,65,149,630,223,9685,3
0000386.jpg,266,87,68,186,334,273,12648,1
0000386.jpg,341,137,60,137,401,274,8220,2
0000386.jpg,415,150,62,124,477,274,7688,3
0000385.jpg,140,70,62,160,202,230,9920,1
0000385.jpg,209,111,50,114,259,225,5700,2
0000385.jpg,279,126,43,100,322,226,4300,3
0000384.jpg,131,104,70,179,201,283,12530,1
0000384.jpg,206,154,59,129,265,283,7611,2
0000384.jpg,289,166,55,114,344,280,6270,3
0000383.jpg,358,123,70,216,428,339,15120,1
0000383.jpg,447,190,60,156,507,346,9360,2
0000383.jpg,543,215,59,145,602,360,8555,3
0000382.jpg,286,197,70,212,356,409,14840,1
0000382.jpg,369,266,63,128,432,394,8064,2
0000382.jpg,446,268,54,124,500,392,6696,3
0000381.jpg,282,209,71,192,353,401,13632,1
0000381.jpg,366,251,57,136,423,387,7752,2
0000381.jpg,436,252,52,116,488,368,6032,3
0000380.jpg,273,246,70,230,343,476,16100,1
0000380.jpg,369,303,62,168,431,471,10416,2
0000380.jpg,452,312,54,143,506,455,7722,3
0000379.jpg,203,129,93,290,296,419,26970,1
0000379.jpg,323,204,74,196,397,400,14504,2
0000379.jpg,424,213,62,167,486,380,10354,3
0000378.jpg,148,149,102,293,250,442,29886,1
0000378.jpg,275,212,79,202,354,414,15958,2
0000378.jpg,379,218,64,172,443,390,11008,3
0000377.jpg,162,33,85,299,247,332,25415,1
0000377.jpg,252,104,76,201,328,305,15276,2
0000377.jpg,322,99,50,165,372,264,8250,3
0000376.jpg,96,32,95,303,191,335,28785,1
0000376.jpg,190,105,80,206,270,311,16480,2
0000376.jpg,258,106,55,165,313,271,9075,3
0000375.jpg,323,74,100,295,423,369,29500,1
0000375.jpg,418,148,79,202,497,350,15958,2
0000375.jpg,491,149,50,165,541,314,8250,3
0000374.jpg,358,129,87,297,445,426,25839,1
0000374.jpg,445,194,77,207,522,401,15939,2
0000374.jpg,513,187,58,172,571,359,9976,3
0000373.jpg,237,36,115,309,352,345,35535,1
0000373.jpg,336,117,99,211,435,328,20889,2
0000373.jpg,414,118,74,170,488,288,12580,3
0000372.jpg,263,60,107,320,370,380,34240,1
0000372.jpg,368,127,89,220,457,347,19580,2
0000372.jpg,443,114,72,186,515,300,13392,3
0000371.jpg,70,30,151,405,221,435,61155,1
0000371.jpg,231,130,121,284,352,414,34364,2
0000371.jpg,360,131,95,230,455,361,21850,3
0000370.jpg,128,68,145,409,273,477,59305,1
0000370.jpg,294,171,118,293,412,464,34574,2
0000370.jpg,425,175,107,242,532,417,25894,3
0000369.jpg,109,181,129,295,238,476,38055,1
0000369.jpg,283,291,121,185,404,476,22385,2
0000369.jpg,391,291,83,188,474,479,15604,3
0000368.jpg,83,141,163,337,246,478,54931,1
0000368.jpg,282,276,141,203,423,479,28623,2
0000368.jpg,430,283,118,193,548,476,22774,3
0000367.jpg,123,18,129,394,252,412,50826,1
0000367.jpg,286,152,119,292,405,444,34748,2
0000367.jpg,404,165,110,250,514,415,27500,3
0000365.jpg,90,153,107,325,197,478,34775,1
0000365.jpg,120,278,106,200,226,478,21200,2
0000365.jpg,245,306,95,172,340,478,16340,3
0000364.jpg,144,116,107,357,251,473,38199,1
0000364.jpg,174,240,104,238,278,478,24752,2
0000364.jpg,297,266,97,211,394,477,20467,3
0000363.jpg,266,18,80,260,346,278,20800,1
0000363.jpg,305,100,79,200,384,300,15800,2
0000363.jpg,391,119,67,173,458,292,11591,3
0000362.jpg,327,4,82,231,409,235,18942,1
0000362.jpg,367,50,79,200,446,250,15800,2
0000362.jpg,453,68,69,170,522,238,11730,3
0000361.jpg,136,1,121,270,257,271,32670,1
0000361.jpg,229,4,134,282,363,286,37788,2
0000361.jpg,347,4,94,248,441,252,23312,3
0000360.jpg,105,1,121,256,226,257,30976,1
0000360.jpg,203,1,140,278,343,279,38920,2
0000360.jpg,325,3,95,242,420,245,22990,3
0000359.jpg,164,1,119,442,283,443,52598,1
0000359.jpg,259,111,127,328,386,439,41656,2
0000359.jpg,370,137,89,285,459,422,25365,3
0000358.jpg,232,3,123,383,355,386,47109,1
0000358.jpg,323,115,114,299,437,414,34086,2
0000358.jpg,434,138,90,249,524,387,22410,3
0000357.jpg,191,140,86,267,277,407,22962,1
0000357.jpg,253,221,88,199,341,420,17512,2
0000357.jpg,328,223,61,171,389,394,10431,3
0000356.jpg,211,160,80,268,291,428,21440,1
0000356.jpg,275,243,84,199,359,442,16716,2
0000356.jpg,346,246,64,168,410,414,10752,3
0000355.jpg,210,178,83,261,293,439,21663,1
0000355.jpg,272,258,85,194,357,452,16490,2
0000355.jpg,339,260,68,164,407,424,11152,3
0000354.jpg,256,191,74,232,330,423,17168,1
0000354.jpg,368,266,62,145,430,411,8990,3
0000354.jpg,454,241,69,167,523,408,11523,2
0000353.jpg,305,170,77,234,382,404,18018,1
0000353.jpg,419,237,76,153,495,390,11628,3
0000353.jpg,509,211,74,174,583,385,12876,2
0000351.jpg,17,254,114,224,131,478,25536,3
0000351.jpg,137,214,120,266,257,480,31920,2
0000350.jpg,33,233,119,244,152,477,29036,3
0000350.jpg,151,194,118,277,269,471,32686,2
0000349.jpg,481,97,143,381,624,478,54483,1
0000348.jpg,490,47,145,431,635,478,62495,1
0000347.jpg,74,39,134,437,208,476,58558,1
0000347.jpg,260,199,101,254,361,453,25654,3
0000347.jpg,359,164,105,265,464,429,27825,2
0000346.jpg,88,26,136,450,224,476,61200,1
0000346.jpg,269,184,102,253,371,437,25806,3
0000346.jpg,366,152,106,258,472,410,27348,2
0000345.jpg,89,7,132,456,221,463,60192,1
0000345.jpg,269,171,102,251,371,422,25602,3
0000345.jpg,366,137,106,260,472,397,27560,2
0000344.jpg,164,100,114,375,278,475,42750,1
0000344.jpg,322,238,90,218,412,456,19620,3
0000344.jpg,419,210,95,231,514,441,21945,2
0000343.jpg,194,76,109,369,303,445,40221,1
0000343.jpg,352,209,85,215,437,424,18275,3
0000343.jpg,443,182,94,227,537,409,21338,2
0000342.jpg,118,34,97,332,215,366,32204,1
0000342.jpg,260,157,78,192,338,349,14976,3
0000342.jpg,350,130,84,208,434,338,17472,2
0000341.jpg,124,51,99,331,223,382,32769,1
0000341.jpg,268,171,79,193,347,364,15247,3
0000341.jpg,359,147,82,203,441,350,16646,2
0000340.jpg,285,97,87,307,372,404,26709,1
0000340.jpg,411,200,71,183,482,383,12993,3
0000340.jpg,488,173,78,196,566,369,15288,2
0000339.jpg,270,48,88,309,358,357,27192,1
0000339.jpg,399,157,72,182,471,339,13104,3
0000339.jpg,480,125,78,197,558,322,15366,2
0000338.jpg,92,100,97,286,189,386,27742,1
0000338.jpg,217,191,81,169,298,360,13689,3
0000338.jpg,298,159,76,183,374,342,13908,2
0000337.jpg,232,142,70,255,302,397,17850,1
0000337.jpg,341,228,57,151,398,379,8607,3
0000337.jpg,408,203,63,165,471,368,10395,2
0000336.jpg,226,139,73,252,299,391,18396,1
0000336.jpg,330,223,65,152,395,375,9880,3
0000336.jpg,400,198,65,162,465,360,10530,2
0000335.jpg,171,150,72,223,243,373,16056,1
0000335.jpg,267,218,58,134,325,352,7772,3
0000335.jpg,329,193,57,147,386,340,8379,2
0000334.jpg,304,180,62,202,366,382,12524,1
0000334.jpg,388,243,54,126,442,369,6804,3
0000334.jpg,442,220,56,135,498,355,7560,2
0000333.jpg,169,149,62,189,231,338,11718,1
0000333.jpg,248,214,50,118,298,332,5900,3
0000333.jpg,302,198,54,126,356,324,6804,2
0000332.jpg,161,158,60,186,221,344,11160,1
0000332.jpg,240,224,50,113,290,337,5650,3
0000332.jpg,295,209,51,121,346,330,6171,2
0000331.jpg,80,121,51,168,131,289,8568,1
0000331.jpg,153,180,43,101,196,281,4343,3
0000331.jpg,202,163,47,112,249,275,5264,2
0000330.jpg,208,194,49,162,257,356,7938,1
0000330.jpg,277,247,37,98,314,345,3626,3
0000330.jpg,323,230,40,108,363,338,4320,2
0000329.jpg,297,182,45,154,342,336,6930,1
0000329.jpg,361,229,42,98,403,327,4116,3
0000329.jpg,406,212,41,106,447,318,4346,2
0000328.jpg,436,141,44,147,480,288,6468,1
0000328.jpg,499,188,39,91,538,279,3549,3
0000328.jpg,543,174,45,101,588,275,4545,2
0000327.jpg,346,259,41,145,387,404,5945,1
0000327.jpg,407,308,38,90,445,398,3420,3
0000327.jpg,452,293,39,97,491,390,3783,2
0000326.jpg,323,198,43,150,366,348,6450,1
0000326.jpg,387,244,34,97,421,341,3298,3
0000326.jpg,432,232,37,101,469,333,3737,2
0000325.jpg,309,132,44,139,353,271,6116,1
0000325.jpg,374,180,38,90,412,270,3420,3
0000325.jpg,420,167,39,98,459,265,3822,2
0000324.jpg,418,54,44,144,462,198,6336,1
0000324.jpg,481,104,40,89,521,193,3560,3
0000324.jpg,531,90,39,99,570,189,3861,2
0000323.jpg,437,150,44,146,481,296,6424,1
0000323.jpg,504,198,36,91,540,289,3276,3
0000323.jpg,551,183,40,99,591,282,3960,2
0000322.jpg,402,295,46,146,448,441,6716,1
0000322.jpg,467,342,43,94,510,436,4042,3
0000322.jpg,513,327,42,102,555,429,4284,2
0000321.jpg,283,273,43,143,326,416,6149,1
0000321.jpg,347,318,37,90,384,408,3330,3
0000321.jpg,393,303,38,97,431,400,3686,2
0000320.jpg,140,205,39,127,179,332,4953,1
0000320.jpg,202,248,33,81,235,329,2673,3
0000320.jpg,247,235,34,89,281,324,3026,2
0000319.jpg,134,170,41,132,175,302,5412,1
0000319.jpg,195,216,32,80,227,296,2560,3
0000319.jpg,236,204,36,87,272,291,3132,2
0000318.jpg,66,85,43,129,109,214,5547,1
0000318.jpg,128,134,34,81,162,215,2754,3
0000318.jpg,173,124,37,90,210,214,3330,2
0000317.jpg,76,302,40,129,116,431,5160,1
0000317.jpg,137,349,33,82,170,431,2706,3
0000317.jpg,181,338,37,89,218,427,3293,2
0000316.jpg,81,284,40,129,121,413,5160,1
0000316.jpg,141,332,34,80,175,412,2720,3
0000316.jpg,188,322,36,89,224,411,3204,2
0000315.jpg,171,286,38,129,209,415,4902,1
0000315.jpg,232,331,34,82,266,413,2788,3
0000315.jpg,273,320,36,88,309,408,3168,2
0000314.jpg,335,250,38,121,373,371,4598,1
0000314.jpg,391,298,34,74,425,372,2516,3
0000314.jpg,434,287,34,81,468,368,2754,2
0000313.jpg,387,284,37,121,424,405,4477,1
0000313.jpg,442,329,34,76,476,405,2584,3
0000313.jpg,485,321,37,86,522,407,3182,2
0000312.jpg,454,234,39,119,493,353,4641,1
0000312.jpg,513,276,34,76,547,352,2584,3
0000312.jpg,554,264,36,87,590,351,3132,2
0000311.jpg,451,47,35,117,486,164,4095,1
0000311.jpg,509,90,32,76,541,166,2432,3
0000311.jpg,553,75,32,85,585,160,2720,2
0000310.jpg,442,39,35,121,477,160,4235,1
0000310.jpg,498,79,32,76,530,155,2432,3
0000310.jpg,540,68,33,86,573,154,2838,2
0000309.jpg,376,236,35,119,411,355,4165,1
0000309.jpg,431,279,30,74,461,353,2220,3
0000309.jpg,472,268,34,84,506,352,2856,2
0000308.jpg,324,190,40,130,364,320,5200,1
0000308.jpg,387,238,33,84,420,322,2772,3
0000308.jpg,431,227,38,91,469,318,3458,2
0000307.jpg,228,138,48,156,276,294,7488,1
0000307.jpg,306,194,39,100,345,294,3900,3
0000307.jpg,356,183,46,108,402,291,4968,2
0000306.jpg,297,168,62,197,359,365,12214,1
0000306.jpg,392,244,54,126,446,370,6804,3
0000306.jpg,460,230,63,141,523,371,8883,2
0000305.jpg,304,161,61,202,365,363,12322,1
0000305.jpg,398,239,51,126,449,365,6426,3
0000305.jpg,470,221,57,145,527,366,8265,2
0000304.jpg,206,103,98,311,304,414,30478,1
0000304.jpg,356,210,78,196,434,406,15288,3
0000304.jpg,464,178,82,220,546,398,18040,2
0000303.jpg,204,108,96,310,300,418,29760,1
0000303.jpg,350,218,81,195,431,413,15795,3
0000303.jpg,457,183,84,221,541,404,18564,2
0000302.jpg,347,280,86,195,433,475,16770,1
0000302.jpg,494,390,88,88,582,478,7744,3
0000302.jpg,609,360,31,117,640,477,3627,2
0000301.jpg,159,160,119,315,278,475,37485,1
0000301.jpg,316,310,100,170,416,480,17000,3
0000301.jpg,468,277,113,200,581,477,22600,2
0000300.jpg,258,1,107,268,365,269,28676,1
0000300.jpg,384,72,84,189,468,261,15876,3
0000300.jpg,503,34,93,221,596,255,20553,2
0000299.jpg,197,5,107,308,304,313,32956,1
0000299.jpg,331,95,83,205,414,300,17015,3
0000299.jpg,458,65,89,226,547,291,20114,2
0000298.jpg,194,3,114,277,308,280,31578,1
0000298.jpg,336,61,83,209,419,270,17347,3
0000298.jpg,467,30,85,231,552,261,19635,2
0000297.jpg,299,305,69,174,368,479,12006,1
0000297.jpg,385,382,55,98,440,480,5390,3
0000297.jpg,469,358,60,120,529,478,7200,2
0000296.jpg,291,302,71,177,362,479,12567,1
0000296.jpg,380,380,55,99,435,479,5445,3
0000296.jpg,463,357,57,121,520,478,6897,2
0000295.jpg,276,48,63,218,339,266,13734,1
0000295.jpg,358,127,53,131,411,258,6943,3
0000295.jpg,439,103,58,151,497,254,8758,2
0000294.jpg,152,172,62,202,214,374,12524,1
0000294.jpg,228,242,49,125,277,367,6125,3
0000294.jpg,301,222,59,137,360,359,8083,2
0000293.jpg,475,345,59,133,534,478,7847,1
0000293.jpg,534,401,49,77,583,478,3773,3
0000293.jpg,586,378,51,101,637,479,5151,2
0000292.jpg,505,120,55,179,560,299,9845,1
0000292.jpg,559,172,48,112,607,284,5376,3
0000292.jpg,616,146,23,124,639,270,2852,2
0000291.jpg,411,76,60,186,471,262,11160,1
0000291.jpg,470,132,45,111,515,243,4995,3
0000291.jpg,521,105,56,123,577,228,6888,2
0000290.jpg,332,104,58,194,390,298,11252,1
0000290.jpg,398,164,52,117,450,281,6084,3
0000290.jpg,461,139,53,131,514,270,6943,2
0000289.jpg,365,181,86,250,451,431,21500,1
0000289.jpg,443,259,67,151,510,410,10117,3
0000289.jpg,505,231,71,158,576,389,11218,2
0000288.jpg,138,39,109,370,247,409,40330,1
0000288.jpg,243,164,92,211,335,375,19412,3
0000288.jpg,333,126,95,218,428,344,20710,2
0000287.jpg,434,59,103,332,537,391,34196,1
0000287.jpg,547,161,76,199,623,360,15124,3
0000286.jpg,312,55,97,320,409,375,31040,1
0000286.jpg,420,159,75,190,495,349,14250,3
0000286.jpg,509,122,83,206,592,328,17098,2
0000285.jpg,152,114,83,286,235,400,23738,1
0000285.jpg,246,207,67,168,313,375,11256,3
0000285.jpg,334,175,66,183,400,358,12078,2
0000284.jpg,205,205,74,225,279,430,16650,1
0000284.jpg,284,279,57,138,341,417,7866,3
0000284.jpg,352,255,67,150,419,405,10050,2
0000283.jpg,183,29,137,423,320,452,57951,1
0000283.jpg,337,168,100,247,437,415,24700,3
0000283.jpg,472,123,100,263,572,386,26300,2
0000282.jpg,170,15,138,423,308,438,58374,1
0000282.jpg,331,155,94,250,425,405,23500,3
0000282.jpg,463,111,101,263,564,374,26563,2
0000281.jpg,389,72,111,372,500,444,41292,1
0000281.jpg,520,194,94,228,614,422,21432,3
0000280.jpg,151,37,118,364,269,401,42952,1
0000280.jpg,287,152,85,219,372,371,18615,3
0000280.jpg,405,114,85,232,490,346,19720,2
0000279.jpg,204,70,90,314,294,384,28260,1
0000279.jpg,314,178,77,188,391,366,14476,3
0000279.jpg,417,150,86,202,503,352,17372,2
0000278.jpg,168,138,60,203,228,341,12180,1
0000278.jpg,242,210,49,122,291,332,5978,3
0000278.jpg,313,189,51,134,364,323,6834,2
0000277.jpg,406,33,41,141,447,174,5781,1
0000277.jpg,458,85,36,82,494,167,2952,3
0000277.jpg,511,70,42,99,553,169,4158,2
0000276.jpg,200,53,42,138,242,191,5796,1
0000276.jpg,252,101,36,86,288,187,3096,3
0000276.jpg,302,94,39,96,341,190,3744,2
0000275.jpg,109,88,41,136,150,224,5576,1
0000275.jpg,160,142,36,82,196,224,2952,3
0000275.jpg,213,133,38,91,251,224,3458,2
0000274.jpg,109,232,41,137,150,369,5617,1
0000274.jpg,160,288,36,84,196,372,3024,3
0000274.jpg,212,280,41,94,253,374,3854,2
0000273.jpg,335,226,35,126,370,352,4410,1
0000273.jpg,379,276,34,79,413,355,2686,3
0000273.jpg,425,267,43,91,468,358,3913,2
0000272.jpg,335,241,35,128,370,369,4480,1
0000272.jpg,381,292,32,81,413,373,2592,3
0000272.jpg,426,283,40,92,466,375,3680,2
0000271.jpg,342,59,40,128,382,187,5120,1
0000271.jpg,389,105,34,85,423,190,2890,3
0000271.jpg,437,97,37,89,474,186,3293,2
0000270.jpg,262,101,39,138,301,239,5382,1
0000270.jpg,310,156,35,83,345,239,2905,3
0000270.jpg,361,146,42,97,403,243,4074,2
0000269.jpg,272,102,41,137,313,239,5617,1
0000269.jpg,323,155,37,86,360,241,3182,3
0000269.jpg,376,144,37,101,413,245,3737,2
0000268.jpg,293,69,49,159,342,228,7791,1
0000268.jpg,352,129,41,101,393,230,4141,3
0000268.jpg,409,119,45,113,454,232,5085,2
0000267.jpg,177,71,60,191,237,262,11460,1
0000267.jpg,249,145,50,119,299,264,5950,3
0000267.jpg,319,134,53,137,372,271,7261,2
0000266.jpg,159,90,68,225,227,315,15300,1
0000266.jpg,243,178,58,146,301,324,8468,3
0000266.jpg,327,169,65,168,392,337,10920,2
0000265.jpg,129,47,115,393,244,440,45195,1
0000265.jpg,278,200,107,251,385,451,26857,3
0000265.jpg,428,181,128,286,556,467,36608,2
0000264.jpg,169,31,106,366,275,397,38796,1
0000264.jpg,309,174,94,231,403,405,21714,3
0000264.jpg,450,153,120,262,570,415,31440,2
0000263.jpg,143,117,99,314,242,431,31086,1
0000263.jpg,270,233,78,196,348,429,15288,3
0000263.jpg,395,204,84,228,479,432,19152,2
0000262.jpg,157,24,73,252,230,276,18396,1
0000262.jpg,251,122,65,155,316,277,10075,3
0000262.jpg,350,104,74,179,424,283,13246,2
0000261.jpg,199,82,67,211,266,293,14137,1
0000261.jpg,279,163,59,129,338,292,7611,3
0000261.jpg,361,149,63,147,424,296,9261,2
0000260.jpg,245,149,49,166,294,315,8134,1
0000260.jpg,308,212,43,100,351,312,4300,3
0000260.jpg,371,200,50,115,421,315,5750,2
0000259.jpg,316,104,44,138,360,242,6072,1
0000259.jpg,372,159,38,88,410,247,3344,3
0000259.jpg,424,152,45,97,469,249,4365,2
0000258.jpg,238,113,38,119,276,232,4522,1
0000258.jpg,284,159,32,70,316,229,2240,3
0000258.jpg,331,151,34,79,365,230,2686,2
0000257.jpg,220,132,38,126,258,258,4788,1
0000257.jpg,268,177,33,82,301,259,2706,3
0000257.jpg,315,169,33,84,348,253,2772,2
0000256.jpg,238,139,39,133,277,272,5187,1
0000256.jpg,288,191,35,82,323,273,2870,3
0000256.jpg,339,182,37,92,376,274,3404,2
0000255.jpg,239,184,40,135,279,319,5400,1
0000255.jpg,292,231,34,88,326,319,2992,3
0000255.jpg,346,220,36,94,382,314,3384,2
0000254.jpg,220,134,57,180,277,314,10260,1
0000254.jpg,291,202,46,115,337,317,5290,3
0000254.jpg,361,188,54,128,415,316,6912,2
0000253.jpg,180,185,58,185,238,370,10730,1
0000253.jpg,244,252,53,113,297,365,5989,3
0000253.jpg,312,236,56,128,368,364,7168,2
0000252.jpg,245,262,56,197,301,459,11032,1
0000252.jpg,316,331,53,124,369,455,6572,3
0000252.jpg,394,314,53,140,447,454,7420,2
0000251.jpg,324,129,81,271,405,400,21951,1
0000251.jpg,423,236,73,167,496,403,12191,3
0000251.jpg,526,222,81,186,607,408,15066,2
0000250.jpg,394,118,58,187,452,305,10846,1
0000250.jpg,468,60,65,146,533,206,9490,2
0000250.jpg,480,204,53,115,533,319,6095,3
0000249.jpg,309,87,73,237,382,324,17301,1
0000249.jpg,411,16,73,189,484,205,13797,2
0000249.jpg,416,202,64,148,480,350,9472,3
0000248.jpg,186,165,82,275,268,440,22550,1
0000248.jpg,322,82,79,207,401,289,16353,2
0000248.jpg,325,278,66,164,391,442,10824,3
0000247.jpg,150,148,84,284,234,432,23856,1
0000247.jpg,294,63,83,211,377,274,17513,2
0000247.jpg,291,269,74,169,365,438,12506,3
0000246.jpg,189,116,94,315,283,431,29610,1
0000246.jpg,356,25,104,239,460,264,24856,2
0000246.jpg,356,258,85,196,441,454,16660,3
0000245.jpg,125,116,88,287,213,403,25256,1
0000245.jpg,279,29,87,218,366,247,18966,2
0000245.jpg,280,239,75,175,355,414,13125,3
0000244.jpg,387,101,57,178,444,279,10146,1
0000244.jpg,481,50,57,131,538,181,7467,2
0000244.jpg,481,178,52,110,533,288,5720,3
0000243.jpg,262,97,61,202,323,299,12322,1
0000243.jpg,371,35,61,147,432,182,8967,2
0000243.jpg,372,184,55,117,427,301,6435,3
0000242.jpg,223,127,90,274,313,401,24660,1
0000242.jpg,375,41,89,206,464,247,18334,2
0000242.jpg,377,242,75,172,452,414,12900,3
0000241.jpg,89,71,137,343,226,414,46991,1
0000241.jpg,271,5,115,214,386,219,24610,2
0000241.jpg,294,209,96,198,390,407,19008,3
0000240.jpg,2,136,107,321,109,457,34347,1
0000240.jpg,366,7,99,245,465,252,24255,2
0000240.jpg,376,243,83,185,459,428,15355,3
0000239.jpg,2,196,59,283,61,479,16697,1
0000239.jpg,328,74,97,248,425,322,24056,2
0000239.jpg,339,312,85,166,424,478,14110,3
0000238.jpg,115,10,169,407,284,417,68783,2
0000238.jpg,385,60,160,369,545,429,59040,3
0000238.jpg,2,1,31,383,33,384,11873,1
0000237.jpg,35,31,175,407,210,438,71225,2
0000237.jpg,306,85,153,364,459,449,55692,3
0000236.jpg,113,28,156,355,269,383,55380,2
0000236.jpg,355,64,137,331,492,395,45347,3
0000236.jpg,2,1,34,372,36,373,12648,1
0000235.jpg,170,57,117,281,287,338,32877,1
0000235.jpg,277,139,112,227,389,366,25424,2
0000235.jpg,374,165,115,227,489,392,26105,3
0000234.jpg,326,112,80,211,406,323,16880,1
0000234.jpg,406,177,77,163,483,340,12551,2
0000234.jpg,480,204,80,163,560,367,13040,3
0000233.jpg,272,52,73,207,345,259,15111,1
0000233.jpg,345,122,72,161,417,283,11592,2
0000233.jpg,414,152,72,155,486,307,11160,3
0000232.jpg,206,132,87,241,293,373,20967,1
0000232.jpg,312,212,77,189,389,401,14553,2
0000232.jpg,412,249,80,180,492,429,14400,3
0000231.jpg,183,96,84,244,267,340,20496,1
0000231.jpg,285,182,78,193,363,375,15054,2
0000231.jpg,389,226,73,183,462,409,13359,3
0000230.jpg,119,64,134,362,253,426,48508,1
0000230.jpg,309,162,107,270,416,432,28890,2
0000230.jpg,485,191,100,244,585,435,24400,3
0000229.jpg,73,63,155,392,228,455,60760,1
0000229.jpg,281,168,127,283,408,451,35941,2
0000229.jpg,474,190,105,258,579,448,27090,3
0000228.jpg,170,282,50,176,220,458,8800,1
0000228.jpg,255,331,49,128,304,459,6272,2
0000228.jpg,334,346,46,115,380,461,5290,3
0000227.jpg,176,103,60,173,236,276,10380,1
0000227.jpg,260,148,58,122,318,270,7076,2
0000227.jpg,340,152,54,114,394,266,6156,3
0000226.jpg,125,42,70,174,195,216,12180,1
0000226.jpg,217,84,58,120,275,204,6960,2
0000226.jpg,297,89,54,112,351,201,6048,3
0000225.jpg,352,160,61,173,413,333,10553,1
0000225.jpg,439,203,58,124,497,327,7192,2
0000225.jpg,521,215,52,111,573,326,5772,3
0000224.jpg,335,69,59,191,394,260,11269,1
0000224.jpg,427,125,53,134,480,259,7102,2
0000224.jpg,515,145,53,118,568,263,6254,3
0000223.jpg,189,160,73,209,262,369,15257,1
0000223.jpg,295,214,67,156,362,370,10452,2
0000223.jpg,394,228,63,140,457,368,8820,3
0000222.jpg,219,124,94,267,313,391,25098,1
0000222.jpg,353,188,80,193,433,381,15440,2
0000222.jpg,479,205,73,169,552,374,12337,3
0000221.jpg,208,198,89,276,297,474,24564,1
0000221.jpg,345,271,82,197,427,468,16154,2
0000221.jpg,477,290,70,180,547,470,12600,3
0000220.jpg,162,219,99,245,261,464,24255,1
0000220.jpg,263,267,86,173,349,440,14878,2
0000220.jpg,399,263,74,152,473,415,11248,3
0000219.jpg,265,121,93,288,358,409,26784,1
0000219.jpg,372,188,80,207,452,395,16560,2
0000219.jpg,521,210,80,169,601,379,13520,3
0000218.jpg,273,97,93,290,366,387,26970,1
0000218.jpg,380,171,83,208,463,379,17264,2
0000218.jpg,535,196,80,175,615,371,14000,3
0000217.jpg,409,0,133,377,542,377,50141,1
0000217.jpg,562,65,77,295,639,360,22715,2
0000216.jpg,373,93,48,113,421,206,5424,3
0000216.jpg,439,24,61,184,500,208,11224,1
0000216.jpg,546,66,52,132,598,198,6864,2
0000215.jpg,271,226,63,120,334,346,7560,3
0000215.jpg,339,142,76,201,415,343,15276,1
0000215.jpg,456,183,69,147,525,330,10143,2
0000214.jpg,201,169,57,123,258,292,7011,3
0000214.jpg,273,90,71,204,344,294,14484,1
0000214.jpg,388,143,63,147,451,290,9261,2
0000213.jpg,103,170,86,191,189,361,16426,3
0000213.jpg,215,62,96,306,311,368,29376,1
0000213.jpg,390,158,91,224,481,382,20384,2
0000212.jpg,116,172,83,189,199,361,15687,3
0000212.jpg,226,67,97,308,323,375,29876,1
0000212.jpg,396,164,95,221,491,385,20995,2
0000211.jpg,104,167,69,181,173,348,12489,3
0000211.jpg,193,80,91,289,284,369,26299,1
0000211.jpg,345,183,92,224,437,407,20608,2
0000210.jpg,105,168,74,176,179,344,13024,3
0000210.jpg,189,77,92,288,281,365,26496,1
0000210.jpg,350,173,82,215,432,388,17630,2
0000209.jpg,227,156,74,161,301,317,11914,3
0000209.jpg,307,71,86,262,393,333,22532,1
0000209.jpg,454,155,80,206,534,361,16480,2
0000208.jpg,213,151,71,163,284,314,11573,3
0000208.jpg,292,69,80,262,372,331,20960,1
0000208.jpg,439,160,79,200,518,360,15800,2
0000207.jpg,99,197,74,161,173,358,11914,3
0000207.jpg,176,117,86,259,262,376,22274,1
0000207.jpg,322,206,80,198,402,404,15840,2
0000206.jpg,114,258,55,122,169,380,6710,3
0000206.jpg,175,194,65,194,240,388,12610,1
0000206.jpg,283,255,56,144,339,399,8064,2
0000205.jpg,363,116,50,116,413,232,5800,3
0000205.jpg,438,47,61,187,499,234,11407,1
0000205.jpg,536,100,59,131,595,231,7729,2
0000204.jpg,357,106,52,112,409,218,5824,3
0000204.jpg,433,37,58,185,491,222,10730,1
0000204.jpg,528,91,59,129,587,220,7611,2
0000203.jpg,325,311,51,118,376,429,6018,3
0000203.jpg,402,249,60,185,462,434,11100,1
0000203.jpg,499,302,60,136,559,438,8160,2
0000202.jpg,262,142,60,146,322,288,8760,3
0000202.jpg,355,60,67,220,422,280,14740,1
0000202.jpg,471,115,66,160,537,275,10560,2
0000201.jpg,280,127,62,146,342,273,9052,3
0000201.jpg,373,40,65,229,438,269,14885,1
0000201.jpg,490,101,64,155,554,256,9920,2
0000200.jpg,156,167,100,205,256,372,20500,3
0000200.jpg,283,34,111,326,394,360,36186,1
0000200.jpg,467,109,95,233,562,342,22135,2
0000199.jpg,175,244,92,204,267,448,18768,3
0000199.jpg,299,118,106,313,405,431,33178,1
0000199.jpg,481,189,91,230,572,419,20930,2
0000198.jpg,161,113,117,241,278,354,28197,3
0000198.jpg,283,2,132,320,415,322,42240,1
0000198.jpg,447,39,109,258,556,297,28122,2
0000197.jpg,165,321,101,156,266,477,15756,3
0000197.jpg,295,180,124,298,419,478,36952,1
0000197.jpg,432,271,123,209,555,480,25707,2
0000196.jpg,1,265,31,215,32,480,6665,3
0000196.jpg,57,103,131,376,188,479,49256,1
0000196.jpg,221,201,113,262,334,463,29606,2
0000195.jpg,0,250,28,228,28,478,6384,3
0000195.jpg,40,81,142,383,182,464,54386,1
0000195.jpg,212,175,114,262,326,437,29868,2
0000194.jpg,377,232,103,244,480,476,25132,3
0000194.jpg,512,76,126,377,638,453,47502,1
0000193.jpg,158,191,123,256,281,447,31488,3
0000193.jpg,292,22,133,387,425,409,51471,1
0000193.jpg,449,109,116,268,565,377,31088,2
0000192.jpg,204,222,89,219,293,441,19491,3
0000192.jpg,321,86,109,330,430,416,35970,1
0000192.jpg,434,166,110,225,544,391,24750,2
0000191.jpg,140,218,100,233,240,451,23300,3
0000191.jpg,258,75,114,339,372,414,38646,1
0000191.jpg,391,154,103,233,494,387,23999,2
0000190.jpg,299,233,68,154,367,387,10472,3
0000190.jpg,382,144,80,229,462,373,18320,1
0000190.jpg,462,200,79,170,541,370,13430,2
0000189.jpg,402,294,50,111,452,405,5550,3
0000189.jpg,462,232,55,173,517,405,9515,1
0000189.jpg,537,279,51,126,588,405,6426,2
0000188.jpg,421,296,51,109,472,405,5559,3
0000188.jpg,478,234,56,172,534,406,9632,1
0000188.jpg,553,278,52,127,605,405,6604,2
0000187.jpg,379,187,59,134,438,321,7906,3
0000187.jpg,451,111,67,206,518,317,13802,1
0000187.jpg,544,165,57,151,601,316,8607,2
0000186.jpg,268,203,85,176,353,379,14960,3
0000186.jpg,349,99,108,278,457,377,30024,1
0000186.jpg,485,172,88,205,573,377,18040,2
0000185.jpg,482,35,83,187,565,222,15521,3
0000185.jpg,573,3,67,226,640,229,15142,1
0000184.jpg,268,218,90,176,358,394,15840,3
0000184.jpg,336,118,108,287,444,405,30996,1
0000184.jpg,444,198,90,215,534,413,19350,2
0000183.jpg,229,239,93,171,322,410,15903,3
0000183.jpg,292,132,115,286,407,418,32890,1
0000183.jpg,403,209,95,208,498,417,19760,2
0000182.jpg,299,225,56,133,355,358,7448,3
0000182.jpg,356,160,73,201,429,361,14673,1
0000182.jpg,432,212,56,153,488,365,8568,2
0000181.jpg,286,265,53,128,339,393,6784,3
0000181.jpg,342,199,68,203,410,402,13804,1
0000181.jpg,414,255,57,145,471,400,8265,2
0000180.jpg,178,218,44,104,222,322,4576,3
0000180.jpg,234,159,50,167,284,326,8350,1
0000180.jpg,288,205,46,120,334,325,5520,2
0000179.jpg,82,75,50,108,132,183,5400,3
0000179.jpg,131,13,60,172,191,185,10320,1
0000179.jpg,192,60,47,119,239,179,5593,2
0000178.jpg,97,89,52,106,149,195,5512,3
0000178.jpg,148,27,60,172,208,199,10320,1
0000178.jpg,208,70,48,121,256,191,5808,2
0000177.jpg,336,205,51,109,387,314,5559,3
0000177.jpg,382,144,65,169,447,313,10985,1
0000177.jpg,445,181,55,128,500,309,7040,2
0000176.jpg,272,214,63,128,335,342,8064,3
0000176.jpg,327,139,78,201,405,340,15678,1
0000176.jpg,400,184,68,151,468,335,10268,2
0000175.jpg,224,163,76,181,300,344,13756,3
0000175.jpg,320,66,90,285,410,351,25650,1
0000175.jpg,409,150,88,204,497,354,17952,2
0000174.jpg,214,177,73,179,287,356,13067,3
0000174.jpg,306,82,94,283,400,365,26602,1
0000174.jpg,399,162,89,205,488,367,18245,2
0000173.jpg,151,206,79,183,230,389,14457,3
0000173.jpg,339,185,80,205,419,390,16400,2
0000173.jpg,484,120,113,285,597,405,32205,1
0000172.jpg,66,217,90,184,156,401,16560,3
0000172.jpg,255,183,86,204,341,387,17544,2
0000172.jpg,415,104,96,288,511,392,27648,1
0000171.jpg,84,95,138,236,222,331,32568,3
0000171.jpg,212,60,125,239,337,299,29875,2
0000171.jpg,329,77,135,323,464,400,43605,1
0000170.jpg,22,103,133,241,155,344,32053,3
0000170.jpg,153,60,119,242,272,302,28798,2
0000170.jpg,261,73,150,319,411,392,47850,1
0000169.jpg,250,93,60,118,310,211,7080,3
0000169.jpg,310,75,61,118,371,193,7198,2
0000169.jpg,367,82,70,153,437,235,10710,1
0000168.jpg,233,123,59,116,292,239,6844,3
0000168.jpg,294,102,60,119,354,221,7140,2
0000168.jpg,350,107,72,153,422,260,11016,1
0000167.jpg,347,114,96,150,443,264,14400,3
0000167.jpg,404,81,103,152,507,233,15656,2
0000167.jpg,474,82,137,197,611,279,26989,1
0000166.jpg,341,98,97,150,438,248,14550,3
0000166.jpg,396,63,107,155,503,218,16585,2
0000166.jpg,474,65,133,197,607,262,26201,1
0000165.jpg,148,153,118,225,266,378,26550,3
0000165.jpg,264,110,107,226,371,336,24182,2
0000165.jpg,369,117,133,304,502,421,40432,1
0000164.jpg,64,159,119,222,183,381,26418,3
0000164.jpg,179,117,112,221,291,338,24752,2
0000164.jpg,283,119,128,301,411,420,38528,1
0000163.jpg,85,85,166,303,251,388,50298,3
0000163.jpg,241,38,152,298,393,336,45296,2
0000163.jpg,393,34,193,410,586,444,79130,1
0000162.jpg,80,129,154,249,234,378,38346,3
0000162.jpg,213,94,127,245,340,339,31115,2
0000162.jpg,341,102,152,329,493,431,50008,1
0000161.jpg,116,160,139,236,255,396,32804,3
0000161.jpg,241,129,121,233,362,362,28193,2
0000161.jpg,365,129,150,316,515,445,47400,1
0000160.jpg,227,232,96,144,323,376,13824,3
0000160.jpg,307,210,94,141,401,351,13254,2
0000160.jpg,375,215,99,180,474,395,17820,1
0000159.jpg,291,107,87,133,378,240,11571,3
0000159.jpg,362,81,89,136,451,217,12104,2
0000159.jpg,432,78,98,176,530,254,17248,1
0000158.jpg,175,179,128,131,303,310,16768,3
0000158.jpg,257,170,127,134,384,304,17018,2
0000158.jpg,294,186,159,174,453,360,27666,1
0000157.jpg,169,137,131,128,300,265,16768,3
0000157.jpg,250,126,130,131,380,257,17030,2
0000157.jpg,282,145,166,172,448,317,28552,1
0000156.jpg,373,85,77,89,450,174,6853,3
0000156.jpg,433,77,78,94,511,171,7332,2
0000156.jpg,477,86,88,115,565,201,10120,1
0000155.jpg,242,101,98,125,340,226,12250,3
0000155.jpg,307,91,97,130,404,221,12610,2
0000155.jpg,357,102,112,171,469,273,19152,1
0000154.jpg,254,116,98,131,352,247,12838,3
0000154.jpg,324,105,98,128,422,233,12544,2
0000154.jpg,372,118,117,172,489,290,20124,1
0000153.jpg,229,105,91,145,320,250,13195,3
0000153.jpg,302,86,91,149,393,235,13559,2
0000153.jpg,369,95,98,195,467,290,19110,1
0000152.jpg,96,245,84,167,180,412,14028,3
0000152.jpg,175,219,81,165,256,384,13365,2
0000152.jpg,255,217,93,224,348,441,20832,1
0000151.jpg,111,219,85,177,196,396,15045,3
0000151.jpg,192,192,84,175,276,367,14700,2
0000151.jpg,277,190,96,234,373,424,22464,1
0000150.jpg,93,151,119,183,212,334,21777,3
0000150.jpg,228,104,104,232,332,336,24128,1
0000150.jpg,418,152,102,192,520,344,19584,2
0000149.jpg,139,141,73,152,212,293,11096,3
0000149.jpg,233,99,87,188,320,287,16356,1
0000149.jpg,370,132,92,157,462,289,14444,2
0000148.jpg,307,92,84,112,391,204,9408,3
0000148.jpg,359,56,108,137,467,193,14796,1
0000148.jpg,468,73,99,111,567,184,10989,2
0000147.jpg,297,160,92,110,389,270,10120,3
0000147.jpg,345,118,119,131,464,249,15589,1
0000147.jpg,454,119,110,109,564,228,11990,2
0000146.jpg,291,90,59,127,350,217,7493,3
0000146.jpg,363,66,77,163,440,229,12551,1
0000146.jpg,474,121,79,132,553,253,10428,2
0000145.jpg,176,169,75,147,251,316,11025,3
0000145.jpg,271,130,97,184,368,314,17848,1
0000145.jpg,409,166,103,152,512,318,15656,2
0000144.jpg,174,184,68,132,242,316,8976,3
0000144.jpg,263,147,87,166,350,313,14442,1
0000144.jpg,390,179,94,139,484,318,13066,2
0000143.jpg,322,198,55,94,377,292,5170,3
0000143.jpg,394,171,61,118,455,289,7198,1
0000143.jpg,500,183,64,99,564,282,6336,2
0000142.jpg,249,173,84,160,333,333,13440,3
0000142.jpg,355,109,90,207,445,316,18630,1
0000142.jpg,507,132,106,173,613,305,18338,2
0000141.jpg,354,259,122,162,476,421,19764,3
0000141.jpg,471,227,121,202,592,429,24442,1
0000140.jpg,269,317,69,88,338,405,6072,3
0000140.jpg,363,301,87,107,450,408,9309,1
0000140.jpg,516,324,72,98,588,422,7056,2
0000139.jpg,292,318,69,84,361,402,5796,3
0000139.jpg,388,303,84,103,472,406,8652,1
0000139.jpg,533,328,76,93,609,421,7068,2
0000138.jpg,300,92,62,71,362,163,4402,3
0000138.jpg,389,78,78,86,467,164,6708,1
0000138.jpg,523,95,67,79,590,174,5293,2
0000137.jpg,297,43,61,72,358,115,4392,3
0000137.jpg,384,36,81,83,465,119,6723,1
0000137.jpg,515,50,75,81,590,131,6075,2
0000136.jpg,258,135,67,80,325,215,5360,3
0000136.jpg,358,107,86,97,444,204,8342,1
0000136.jpg,513,102,76,91,589,193,6916,2
0000135.jpg,232,109,67,84,299,193,5628,3
0000135.jpg,333,80,85,103,418,183,8755,1
0000135.jpg,487,83,76,95,563,178,7220,2
0000134.jpg,260,125,77,80,337,205,6160,3
0000134.jpg,354,108,107,103,461,211,11021,1
0000134.jpg,503,128,95,100,598,228,9500,2
0000133.jpg,254,126,83,86,337,212,7138,3
0000133.jpg,351,116,105,103,456,219,10815,1
0000133.jpg,502,131,92,100,594,231,9200,2
0000132.jpg,162,207,108,119,270,326,12852,3
0000132.jpg,290,188,135,146,425,334,19710,1
0000132.jpg,492,216,117,142,609,358,16614,2
0000131.jpg,135,181,109,121,244,302,13189,3
0000131.jpg,262,162,136,148,398,310,20128,1
0000131.jpg,464,198,118,139,582,337,16402,2
0000130.jpg,297,104,47,72,344,176,3384,3
0000130.jpg,389,82,55,89,444,171,4895,1
0000130.jpg,534,94,51,75,585,169,3825,2
0000129.jpg,293,120,44,69,337,189,3036,3
0000129.jpg,381,98,58,85,439,183,4930,1
0000129.jpg,526,107,48,72,574,179,3456,2
0000128.jpg,275,147,52,85,327,232,4420,3
0000128.jpg,383,116,65,107,448,223,6955,1
0000128.jpg,550,124,61,92,611,216,5612,2
0000127.jpg,224,153,53,87,277,240,4611,3
0000127.jpg,331,121,66,105,397,226,6930,1
0000127.jpg,497,126,60,91,557,217,5460,2
0000126.jpg,222,175,67,98,289,273,6566,3
0000126.jpg,335,137,75,117,410,254,8775,1
0000126.jpg,495,134,84,98,579,232,8232,2
0000125.jpg,193,177,70,103,263,280,7210,3
0000125.jpg,307,143,76,114,383,257,8664,1
0000125.jpg,466,135,85,99,551,234,8415,2
0000124.jpg,204,117,84,129,288,246,10836,3
0000124.jpg,332,73,84,157,416,230,13188,1
0000124.jpg,500,92,89,130,589,222,11570,2
0000123.jpg,114,170,134,185,248,355,24790,3
0000123.jpg,266,82,146,228,412,310,33288,1
0000123.jpg,481,89,138,176,619,265,24288,2
0000122.jpg,513,54,123,202,636,256,24846,3
0000121.jpg,77,238,167,163,244,401,27221,3
0000121.jpg,212,147,180,173,392,320,31140,1
0000121.jpg,417,108,164,129,581,237,21156,2
0000120.jpg,464,224,159,175,623,399,27825,3
0000120.jpg,616,149,22,82,638,231,1804,1
0000119.jpg,231,267,130,143,361,410,18590,3
0000119.jpg,357,198,142,161,499,359,22862,1
0000119.jpg,507,71,69,168,576,239,11592,2
0000118.jpg,549,265,89,162,638,427,14418,3
0000117.jpg,464,86,53,117,517,203,6201,3
0000117.jpg,555,7,58,192,613,199,11136,1
0000116.jpg,479,85,53,122,532,207,6466,3
0000116.jpg,570,6,60,190,630,196,11400,1
0000115.jpg,438,142,57,137,495,279,7809,3
0000115.jpg,541,57,68,210,609,267,14280,1
0000114.jpg,450,170,57,138,507,308,7866,3
0000114.jpg,556,84,62,213,618,297,13206,1
0000113.jpg,69,44,116,332,185,376,38512,1
0000113.jpg,219,127,101,209,320,336,21109,2
0000112.jpg,62,29,117,338,179,367,39546,1
0000112.jpg,214,115,102,218,316,333,22236,2
0000111.jpg,321,192,106,229,427,421,24274,3
0000111.jpg,475,63,133,343,608,406,45619,1
0000110.jpg,332,222,102,230,434,452,23460,3
0000110.jpg,488,84,126,346,614,430,43596,1
0000109.jpg,3,11,152,332,155,343,50464,3
0000109.jpg,265,-1,145,305,410,304,44225,1
0000109.jpg,491,2,146,256,637,258,37376,2
0000108.jpg,4,10,158,350,162,360,55300,3
0000108.jpg,273,2,172,322,445,324,55384,1
0000108.jpg,508,4,131,270,639,274,35370,2
0000107.jpg,70,178,117,269,187,447,31473,3
0000107.jpg,267,26,153,407,420,433,62271,1
0000107.jpg,463,135,145,267,608,402,38715,2
0000106.jpg,61,186,113,267,174,453,30171,3
0000106.jpg,260,37,137,399,397,436,54663,1
0000106.jpg,446,142,137,260,583,402,35620,2
0000105.jpg,192,154,79,191,271,345,15089,3
0000105.jpg,343,46,85,301,428,347,25585,1
0000105.jpg,505,131,96,213,601,344,20448,2
0000104.jpg,408,186,128,273,536,459,34944,3
0000103.jpg,229,107,43,102,272,209,4386,3
0000103.jpg,303,49,48,162,351,211,7776,1
0000103.jpg,385,97,49,111,434,208,5439,2
0000102.jpg,439,143,46,99,485,242,4554,3
0000102.jpg,514,85,55,172,569,257,9460,1
0000102.jpg,605,138,33,118,638,256,3894,2
0000101.jpg,353,111,46,108,399,219,4968,3
0000101.jpg,430,48,51,167,481,215,8517,1
0000101.jpg,514,89,51,115,565,204,5865,2
0000100.jpg,384,93,44,109,428,202,4796,3
0000100.jpg,461,30,51,169,512,199,8619,1
0000100.jpg,544,69,53,120,597,189,6360,2
0000099.jpg,498,306,47,101,545,407,4747,3
0000099.jpg,576,244,52,163,628,407,8476,1
0000098.jpg,218,184,47,109,265,293,5123,3
0000098.jpg,295,124,53,167,348,291,8851,1
0000098.jpg,374,163,50,114,424,277,5700,2
0000097.jpg,204,210,44,109,248,319,4796,3
0000097.jpg,282,141,56,172,338,313,9632,1
0000097.jpg,368,180,47,119,415,299,5593,2
0000096.jpg,163,196,61,145,224,341,8845,3
0000096.jpg,262,110,62,214,324,324,13268,1
0000096.jpg,362,153,57,149,419,302,8493,2
0000095.jpg,158,211,57,139,215,350,7923,3
0000095.jpg,255,127,63,213,318,340,13419,1
0000095.jpg,350,171,59,143,409,314,8437,2
0000094.jpg,253,194,75,190,328,384,14250,3
0000094.jpg,374,83,94,286,468,369,26884,1
0000094.jpg,492,147,87,190,579,337,16530,2
0000093.jpg,244,217,82,206,326,423,16892,3
0000093.jpg,373,91,94,302,467,393,28388,1
0000093.jpg,491,153,88,194,579,347,17072,2
0000092.jpg,192,249,99,228,291,477,22572,3
0000092.jpg,311,104,113,324,424,428,36612,1
0000092.jpg,414,166,88,203,502,369,17864,2
0000090.jpg,163,318,152,161,315,479,24472,3
0000090.jpg,399,87,179,390,578,477,69810,1
0000090.jpg,590,187,48,292,638,479,14016,2
0000089.jpg,99,163,97,222,196,385,21534,3
0000089.jpg,223,42,112,389,335,431,43568,1
0000089.jpg,419,167,129,298,548,465,38442,2
0000088.jpg,137,139,97,218,234,357,21146,3
0000088.jpg,258,20,113,384,371,404,43392,1
0000088.jpg,458,148,126,302,584,450,38052,2
0000087.jpg,119,131,95,213,214,344,20235,3
0000087.jpg,242,21,108,373,350,394,40284,1
0000087.jpg,432,142,125,289,557,431,36125,2
0000086.jpg,166,170,77,191,243,361,14707,3
0000086.jpg,272,77,101,330,373,407,33330,1
0000086.jpg,434,194,115,252,549,446,28980,2
0000085.jpg,148,151,76,189,224,340,14364,3
0000085.jpg,253,55,101,326,354,381,32926,1
0000085.jpg,416,175,109,246,525,421,26814,2
0000084.jpg,222,171,64,160,286,331,10240,3
0000084.jpg,321,92,78,265,399,357,20670,1
0000084.jpg,460,180,82,192,542,372,15744,2
0000083.jpg,334,222,51,125,385,347,6375,3
0000083.jpg,414,162,64,204,478,366,13056,1
0000083.jpg,523,226,69,151,592,377,10419,2
0000082.jpg,289,233,53,124,342,357,6572,3
0000082.jpg,364,172,68,207,432,379,14076,1
0000082.jpg,473,241,71,153,544,394,10863,2
0000081.jpg,401,295,43,98,444,393,4214,3
0000081.jpg,473,241,48,155,521,396,7440,1
0000081.jpg,558,285,51,114,609,399,5814,2
0000080.jpg,396,297,42,102,438,399,4284,3
0000080.jpg,466,249,45,155,511,404,6975,1
0000080.jpg,555,290,46,111,601,401,5106,2
0000079.jpg,382,259,44,101,426,360,4444,3
0000079.jpg,456,204,52,171,508,375,8892,1
0000079.jpg,548,261,53,121,601,382,6413,2
0000078.jpg,400,248,42,104,442,352,4368,3
0000078.jpg,471,197,53,166,524,363,8798,1
0000078.jpg,565,249,55,121,620,370,6655,2
0000077.jpg,370,309,38,100,408,409,3800,3
0000077.jpg,439,253,55,164,494,417,9020,1
0000077.jpg,527,301,50,118,577,419,5900,2
0000076.jpg,379,285,43,101,422,386,4343,3
0000076.jpg,454,231,52,165,506,396,8580,1
0000076.jpg,536,282,53,111,589,393,5883,2
0000075.jpg,375,124,41,101,416,225,4141,3
0000075.jpg,443,70,52,161,495,231,8372,1
0000075.jpg,526,117,53,114,579,231,6042,2
0000074.jpg,290,144,39,96,329,240,3744,3
0000074.jpg,362,92,47,156,409,248,7332,1
0000074.jpg,439,134,49,108,488,242,5292,2
0000073.jpg,221,119,45,100,266,219,4500,3
0000073.jpg,301,59,52,170,353,229,8840,1
0000073.jpg,387,111,47,115,434,226,5405,2
0000072.jpg,280,168,52,118,332,286,6136,3
0000072.jpg,370,100,59,194,429,294,11446,1
0000072.jpg,468,154,61,134,529,288,8174,2
0000071.jpg,297,185,48,119,345,304,5712,3
0000071.jpg,380,118,67,192,447,310,12864,1
0000071.jpg,484,172,61,136,545,308,8296,2
0000070.jpg,166,182,77,185,243,367,14245,3
0000070.jpg,302,77,86,294,388,371,25284,1
0000070.jpg,446,151,90,206,536,357,18540,2
0000069.jpg,151,209,76,182,227,391,13832,3
0000069.jpg,283,101,88,291,371,392,25608,1
0000069.jpg,430,179,88,202,518,381,17776,2
0000068.jpg,274,139,102,245,376,384,24990,3
0000068.jpg,442,6,147,406,589,412,59682,1
0000067.jpg,155,238,105,238,260,476,24990,3
0000067.jpg,338,76,117,395,455,471,46215,1
0000067.jpg,479,181,105,258,584,439,27090,2
0000066.jpg,130,212,112,268,242,480,30016,3
0000066.jpg,319,46,117,403,436,449,47151,1
0000066.jpg,458,156,110,255,568,411,28050,2
0000065.jpg,128,204,107,256,235,460,27392,3
0000065.jpg,301,49,108,364,409,413,39312,1
0000065.jpg,435,139,89,235,524,374,20915,2
0000064.jpg,189,217,83,195,272,412,16185,3
0000064.jpg,330,107,98,296,428,403,29008,1
0000064.jpg,446,190,95,198,541,388,18810,2
0000063.jpg,184,217,81,192,265,409,15552,3
0000063.jpg,324,110,94,289,418,399,27166,1
0000063.jpg,439,188,89,199,528,387,17711,2
0000062.jpg,114,180,64,148,178,328,9472,3
0000062.jpg,224,91,66,222,290,313,14652,1
0000062.jpg,316,147,58,151,374,298,8758,2
0000061.jpg,166,82,53,119,219,201,6307,3
0000061.jpg,253,5,58,185,311,190,10730,1
0000061.jpg,331,51,50,130,381,181,6500,2
0000060.jpg,167,97,53,119,220,216,6307,3
0000060.jpg,254,22,56,183,310,205,10248,1
0000060.jpg,331,68,50,126,381,194,6300,2
0000059.jpg,391,315,49,116,440,431,5684,3
0000059.jpg,472,251,55,171,527,422,9405,1
0000059.jpg,541,297,53,116,594,413,6148,2
0000058.jpg,377,229,50,113,427,342,5650,3
0000058.jpg,461,162,50,171,511,333,8550,1
0000058.jpg,529,206,50,115,579,321,5750,2
0000057.jpg,260,270,49,112,309,382,5488,3
0000057.jpg,340,205,50,165,390,370,8250,1
0000057.jpg,407,249,49,114,456,363,5586,2
0000056.jpg,265,302,50,111,315,413,5550,3
0000056.jpg,346,238,52,171,398,409,8892,1
0000056.jpg,413,282,48,116,461,398,5568,2
0000055.jpg,195,273,60,142,255,415,8520,3
0000055.jpg,293,195,71,213,364,408,15123,1
0000055.jpg,373,246,61,144,434,390,8784,2
0000054.jpg,215,273,67,138,282,411,9246,3
0000054.jpg,313,192,74,213,387,405,15762,1
0000054.jpg,390,249,66,142,456,391,9372,2
0000053.jpg,304,157,51,108,355,265,5508,3
0000053.jpg,385,87,58,174,443,261,10092,1
0000053.jpg,466,135,49,118,515,253,5782,2
0000052.jpg,306,186,45,107,351,293,4815,3
0000052.jpg,390,122,52,172,442,294,8944,1
0000052.jpg,470,166,50,124,520,290,6200,2
0000051.jpg,296,257,50,113,346,370,5650,3
0000051.jpg,388,196,55,179,443,375,9845,1
0000051.jpg,466,249,56,129,522,378,7224,2
0000050.jpg,309,256,48,115,357,371,5520,3
0000050.jpg,397,196,59,183,456,379,10797,1
0000050.jpg,480,252,60,131,540,383,7860,2
0000049.jpg,184,203,67,159,251,362,10653,3
0000049.jpg,305,109,76,252,381,361,19152,1
0000049.jpg,424,179,65,177,489,356,11505,2
0000048.jpg,182,133,67,159,249,292,10653,3
0000048.jpg,307,41,76,254,383,295,19304,1
0000048.jpg,421,113,71,181,492,294,12851,2
0000047.jpg,135,204,91,215,226,419,19565,3
0000047.jpg,303,87,102,344,405,431,35088,1
0000047.jpg,452,188,109,249,561,437,27141,2
0000046.jpg,146,211,88,216,234,427,19008,3
0000046.jpg,312,98,107,340,419,438,36380,1
0000046.jpg,461,203,109,242,570,445,26378,2
0000045.jpg,509,171,97,245,606,416,23765,3
0000044.jpg,90,163,92,211,182,374,19412,3
0000044.jpg,239,33,111,370,350,403,41070,1
0000044.jpg,407,147,110,288,517,435,31680,2
0000043.jpg,57,169,85,205,142,374,17425,3
0000043.jpg,203,49,104,358,307,407,37232,1
0000043.jpg,359,166,109,277,468,443,30193,2
0000042.jpg,162,168,81,184,243,352,14904,3
0000042.jpg,290,54,99,315,389,369,31185,1
0000042.jpg,436,148,100,243,536,391,24300,2
0000041.jpg,241,159,68,158,309,317,10744,3
0000041.jpg,358,65,84,276,442,341,23184,1
0000041.jpg,489,151,80,210,569,361,16800,2
0000040.jpg,236,151,56,127,292,278,7112,3
0000040.jpg,336,79,62,214,398,293,13268,1
0000040.jpg,437,148,63,160,500,308,10080,2
0000039.jpg,408,105,34,86,442,191,2924,3
0000039.jpg,477,53,43,145,520,198,6235,1
0000039.jpg,549,103,42,101,591,204,4242,2
0000038.jpg,411,101,36,87,447,188,3132,3
0000038.jpg,479,50,42,146,521,196,6132,1
0000038.jpg,549,97,44,104,593,201,4576,2
0000037.jpg,422,116,38,87,460,203,3306,3
0000037.jpg,491,64,45,149,536,213,6705,1
0000037.jpg,560,112,47,107,607,219,5029,2
0000036.jpg,434,292,39,87,473,379,3393,3
0000036.jpg,503,245,44,146,547,391,6424,1
0000036.jpg,571,291,44,109,615,400,4796,2
0000035.jpg,436,297,38,85,474,382,3230,3
0000035.jpg,504,251,47,143,551,394,6721,1
0000035.jpg,574,295,48,107,622,402,5136,2
0000034.jpg,335,227,42,99,377,326,4158,3
0000034.jpg,414,174,53,166,467,340,8798,1
0000034.jpg,497,230,50,115,547,345,5750,2
0000033.jpg,234,211,50,104,284,315,5200,3
0000033.jpg,322,143,55,171,377,314,9405,1
0000033.jpg,411,192,48,122,459,314,5856,2
0000032.jpg,263,254,44,100,307,354,4400,3
0000032.jpg,348,195,46,158,394,353,7268,1
0000032.jpg,429,241,46,113,475,354,5198,2
0000031.jpg,290,187,43,102,333,289,4386,3
0000031.jpg,370,125,45,160,415,285,7200,1
0000031.jpg,449,170,44,114,493,284,5016,2
0000030.jpg,321,203,39,98,360,301,3822,3
0000030.jpg,403,142,49,160,452,302,7840,1
0000030.jpg,485,188,45,115,530,303,5175,2
0000029.jpg,305,225,40,105,345,330,4200,3
0000029.jpg,389,169,47,164,436,333,7708,1
0000029.jpg,469,217,50,116,519,333,5800,2
0000028.jpg,278,205,48,111,326,316,5328,3
0000028.jpg,369,146,55,176,424,322,9680,1
0000028.jpg,456,199,55,128,511,327,7040,2
0000027.jpg,218,196,53,127,271,323,6731,3
0000027.jpg,320,131,63,198,383,329,12474,1
0000027.jpg,418,191,62,144,480,335,8928,2
0000026.jpg,198,188,68,158,266,346,10744,3
0000026.jpg,327,104,80,253,407,357,20240,1
0000026.jpg,451,184,83,181,534,365,15023,2
0000025.jpg,154,231,76,192,230,423,14592,3
0000025.jpg,303,129,89,296,392,425,26344,1
0000025.jpg,452,216,90,218,542,434,19620,2
0000024.jpg,110,165,79,191,189,356,15089,3
0000024.jpg,251,54,87,292,338,346,25404,1
0000024.jpg,383,141,86,206,469,347,17716,2
0000023.jpg,376,133,48,93,424,226,4464,3
0000023.jpg,439,72,52,152,491,224,7904,1
0000023.jpg,503,116,48,105,551,221,5040,2
0000022.jpg,355,123,39,92,394,215,3588,3
0000022.jpg,419,70,47,148,466,218,6956,1
0000022.jpg,483,113,42,110,525,223,4620,2
0000021.jpg,398,86,37,90,435,176,3330,3
0000021.jpg,459,32,45,150,504,182,6750,1
0000021.jpg,523,82,42,115,565,197,4830,2
0000020.jpg,362,129,40,99,402,228,3960,3
0000020.jpg,429,75,49,158,478,233,7742,1
0000020.jpg,494,130,49,113,543,243,5537,2
0000019.jpg,356,201,49,114,405,315,5586,3
0000019.jpg,439,143,51,185,490,328,9435,1
0000019.jpg,516,206,55,141,571,347,7755,2
0000018.jpg,347,123,51,116,398,239,5916,3
0000018.jpg,436,52,58,194,494,246,11252,1
0000018.jpg,521,110,55,145,576,255,7975,2
0000017.jpg,295,126,56,141,351,267,7896,3
0000017.jpg,395,44,67,228,462,272,15276,1
0000017.jpg,492,117,65,163,557,280,10595,2
0000016.jpg,206,168,64,163,270,331,10432,3
0000016.jpg,324,71,83,267,407,338,22161,1
0000016.jpg,446,154,82,195,528,349,15990,2
0000015.jpg,378,94,45,108,423,202,4860,3
0000015.jpg,459,30,47,166,506,196,7802,1
0000015.jpg,533,77,47,113,580,190,5311,2
0000014.jpg,372,104,43,105,415,209,4515,3
0000014.jpg,452,38,52,166,504,204,8632,1
0000014.jpg,528,85,49,119,577,204,5831,2
0000013.jpg,385,125,41,104,426,229,4264,3
0000013.jpg,465,56,50,171,515,227,8550,1
0000013.jpg,541,105,55,118,596,223,6490,2
0000012.jpg,307,141,55,136,362,277,7480,3
0000012.jpg,404,59,64,213,468,272,13632,1
0000012.jpg,495,120,64,144,559,264,9216,2
0000011.jpg,160,193,87,201,247,394,17487,3
0000011.jpg,304,72,92,300,396,372,27600,1
0000011.jpg,441,149,84,210,525,359,17640,2
0000010.jpg,146,197,90,200,236,397,18000,3
0000010.jpg,289,74,95,303,384,377,28785,1
0000010.jpg,431,151,82,215,513,366,17630,2
0000009.jpg,111,193,92,201,203,394,18492,3
0000009.jpg,257,74,97,326,354,400,31622,1
0000009.jpg,401,171,94,242,495,413,22748,2
0000008.jpg,126,180,77,183,203,363,14091,3
0000008.jpg,259,73,87,300,346,373,26100,1
0000008.jpg,390,166,84,222,474,388,18648,2
0000007.jpg,227,156,54,135,281,291,7290,3
0000007.jpg,323,78,67,222,390,300,14874,1
0000007.jpg,419,146,65,162,484,308,10530,2
0000006.jpg,262,143,57,116,319,259,6612,3
0000006.jpg,352,69,58,190,410,259,11020,1
0000006.jpg,432,123,56,135,488,258,7560,2
0000005.jpg,398,84,44,106,442,190,4664,3
0000005.jpg,476,27,53,169,529,196,8957,1
0000005.jpg,553,73,54,127,607,200,6858,2
0000004.jpg,354,182,46,113,400,295,5198,3
0000004.jpg,435,115,55,179,490,294,9845,1
0000004.jpg,514,168,56,129,570,297,7224,2
0000003.jpg,261,208,48,106,309,314,5088,3
0000003.jpg,343,149,50,166,393,315,8300,1
0000003.jpg,418,198,49,119,467,317,5831,2
0000002.jpg,233,235,49,119,282,354,5831,3
0000002.jpg,325,170,52,179,377,349,9308,1
0000002.jpg,404,223,58,129,462,352,7482,2
0000001.jpg,196,233,60,152,256,385,9120,3
0000001.jpg,306,147,70,237,376,384,16590,1
0000001.jpg,409,219,70,168,479,387,11760,2
0000000.jpg,354,301,77,169,431,470,13013,3
0000000.jpg,480,218,101,262,581,480,26462,1
0000000.jpg,603,319,35,159,638,478,5565,2
